0 0.01 0.04 0.09 0.16 0.25 0.36 0.49 0.64 0.81 1 1.21 1.44 1.69 1.96 2.25 2.56 2.89 3.24 3.61 4 4.41 4.84 5.29 5.76 6.25 6.76 7.29 7.84 8.41 9 9.61 10.24 10.89 11.56 12.25 12.96 13.69 14.44 15.21 16 16.81 17.64 18.49 19.36 20.25 21.16 22.09 23.04 24.01 25 26.01 27.04 28.09 29.16 30.25 31.36 32.49 33.64 34.81 36 37.21 38.44 39.69 40.96 42.25 43.56 44.89 46.24 47.61 49 50.41 51.84 53.29 54.76 56.25 57.76 59.29 60.84 62.41 64 65.61 67.24 68.89 70.56 72.25 73.96 75.69 77.44 79.21 81 82.81 84.64 86.49 88.36 90.25 92.16 94.09 96.04 98.01 
0.01 0.02 0.05 0.1 0.17 0.26 0.37 0.5 0.65 0.82 1.01 1.22 1.45 1.7 1.97 2.26 2.57 2.9 3.25 3.62 4.01 4.42 4.85 5.3 5.77 6.26 6.77 7.3 7.85 8.42 9.01 9.62 10.25 10.9 11.57 12.26 12.97 13.7 14.45 15.22 16.01 16.82 17.65 18.5 19.37 20.26 21.17 22.1 23.05 24.02 25.01 26.02 27.05 28.1 29.17 30.26 31.37 32.5 33.65 34.82 36.01 37.22 38.45 39.7 40.97 42.26 43.57 44.9 46.25 47.62 49.01 50.42 51.85 53.3 54.77 56.26 57.77 59.3 60.85 62.42 64.01 65.62 67.25 68.9 70.57 72.26 73.97 75.7 77.45 79.22 81.01 82.82 84.65 86.5 88.37 90.26 92.17 94.1 96.05 98.02 
0.04 0.05 0.08 0.13 0.2 0.29 0.4 0.53 0.68 0.85 1.04 1.25 1.48 1.73 2 2.29 2.6 2.93 3.28 3.65 4.04 4.45 4.88 5.33 5.8 6.29 6.8 7.33 7.88 8.45 9.04 9.65 10.28 10.93 11.6 12.29 13 13.73 14.48 15.25 16.04 16.85 17.68 18.53 19.4 20.29 21.2 22.13 23.08 24.05 25.04 26.05 27.08 28.13 29.2 30.29 31.4 32.53 33.68 34.85 36.04 37.25 38.48 39.73 41 42.29 43.6 44.93 46.28 47.65 49.04 50.45 51.88 53.33 54.8 56.29 57.8 59.33 60.88 62.45 64.04 65.65 67.28 68.93 70.6 72.29 74 75.73 77.48 79.25 81.04 82.85 84.68 86.53 88.4 90.29 92.2 94.13 96.08 98.05 
0.09 0.1 0.13 0.18 0.25 0.34 0.45 0.58 0.73 0.9 1.09 1.3 1.53 1.78 2.05 2.34 2.65 2.98 3.33 3.7 4.09 4.5 4.93 5.38 5.85 6.34 6.85 7.38 7.93 8.5 9.09 9.7 10.33 10.98 11.65 12.34 13.05 13.78 14.53 15.3 16.09 16.9 17.73 18.58 19.45 20.34 21.25 22.18 23.13 24.1 25.09 26.1 27.13 28.18 29.25 30.34 31.45 32.58 33.73 34.9 36.09 37.3 38.53 39.78 41.05 42.34 43.65 44.98 46.33 47.7 49.09 50.5 51.93 53.38 54.85 56.34 57.85 59.38 60.93 62.5 64.09 65.7 67.33 68.98 70.65 72.34 74.05 75.78 77.53 79.3 81.09 82.9 84.73 86.58 88.45 90.34 92.25 94.18 96.13 98.1 
0.16 0.17 0.2 0.25 0.32 0.41 0.52 0.65 0.8 0.97 1.16 1.37 1.6 1.85 2.12 2.41 2.72 3.05 3.4 3.77 4.16 4.57 5 5.45 5.92 6.41 6.92 7.45 8 8.57 9.16 9.77 10.4 11.05 11.72 12.41 13.12 13.85 14.6 15.37 16.16 16.97 17.8 18.65 19.52 20.41 21.32 22.25 23.2 24.17 25.16 26.17 27.2 28.25 29.32 30.41 31.52 32.65 33.8 34.97 36.16 37.37 38.6 39.85 41.12 42.41 43.72 45.05 46.4 47.77 49.16 50.57 52 53.45 54.92 56.41 57.92 59.45 61 62.57 64.16 65.77 67.4 69.05 70.72 72.41 74.12 75.85 77.6 79.37 81.16 82.97 84.8 86.65 88.52 90.41 92.32 94.25 96.2 98.17 
0.25 0.26 0.29 0.34 0.41 0.5 0.61 0.74 0.89 1.06 1.25 1.46 1.69 1.94 2.21 2.5 2.81 3.14 3.49 3.86 4.25 4.66 5.09 5.54 6.01 6.5 7.01 7.54 8.09 8.66 9.25 9.86 10.49 11.14 11.81 12.5 13.21 13.94 14.69 15.46 16.25 17.06 17.89 18.74 19.61 20.5 21.41 22.34 23.29 24.26 25.25 26.26 27.29 28.34 29.41 30.5 31.61 32.74 33.89 35.06 36.25 37.46 38.69 39.94 41.21 42.5 43.81 45.14 46.49 47.86 49.25 50.66 52.09 53.54 55.01 56.5 58.01 59.54 61.09 62.66 64.25 65.86 67.49 69.14 70.81 72.5 74.21 75.94 77.69 79.46 81.25 83.06 84.89 86.74 88.61 90.5 92.41 94.34 96.29 98.26 
0.36 0.37 0.4 0.45 0.52 0.61 0.72 0.85 1 1.17 1.36 1.57 1.8 2.05 2.32 2.61 2.92 3.25 3.6 3.97 4.36 4.77 5.2 5.65 6.12 6.61 7.12 7.65 8.2 8.77 9.36 9.97 10.6 11.25 11.92 12.61 13.32 14.05 14.8 15.57 16.36 17.17 18 18.85 19.72 20.61 21.52 22.45 23.4 24.37 25.36 26.37 27.4 28.45 29.52 30.61 31.72 32.85 34 35.17 36.36 37.57 38.8 40.05 41.32 42.61 43.92 45.25 46.6 47.97 49.36 50.77 52.2 53.65 55.12 56.61 58.12 59.65 61.2 62.77 64.36 65.97 67.6 69.25 70.92 72.61 74.32 76.05 77.8 79.57 81.36 83.17 85 86.85 88.72 90.61 92.52 94.45 96.4 98.37 
0.49 0.5 0.53 0.58 0.65 0.74 0.85 0.98 1.13 1.3 1.49 1.7 1.93 2.18 2.45 2.74 3.05 3.38 3.73 4.1 4.49 4.9 5.33 5.78 6.25 6.74 7.25 7.78 8.33 8.9 9.49 10.1 10.73 11.38 12.05 12.74 13.45 14.18 14.93 15.7 16.49 17.3 18.13 18.98 19.85 20.74 21.65 22.58 23.53 24.5 25.49 26.5 27.53 28.58 29.65 30.74 31.85 32.98 34.13 35.3 36.49 37.7 38.93 40.18 41.45 42.74 44.05 45.38 46.73 48.1 49.49 50.9 52.33 53.78 55.25 56.74 58.25 59.78 61.33 62.9 64.49 66.1 67.73 69.38 71.05 72.74 74.45 76.18 77.93 79.7 81.49 83.3 85.13 86.98 88.85 90.74 92.65 94.58 96.53 98.5 
0.64 0.65 0.68 0.73 0.8 0.89 1 1.13 1.28 1.45 1.64 1.85 2.08 2.33 2.6 2.89 3.2 3.53 3.88 4.25 4.64 5.05 5.48 5.93 6.4 6.89 7.4 7.93 8.48 9.05 9.64 10.25 10.88 11.53 12.2 12.89 13.6 14.33 15.08 15.85 16.64 17.45 18.28 19.13 20 20.89 21.8 22.73 23.68 24.65 25.64 26.65 27.68 28.73 29.8 30.89 32 33.13 34.28 35.45 36.64 37.85 39.08 40.33 41.6 42.89 44.2 45.53 46.88 48.25 49.64 51.05 52.48 53.93 55.4 56.89 58.4 59.93 61.48 63.05 64.64 66.25 67.88 69.53 71.2 72.89 74.6 76.33 78.08 79.85 81.64 83.45 85.28 87.13 89 90.89 92.8 94.73 96.68 98.65 
0.81 0.82 0.85 0.9 0.97 1.06 1.17 1.3 1.45 1.62 1.81 2.02 2.25 2.5 2.77 3.06 3.37 3.7 4.05 4.42 4.81 5.22 5.65 6.1 6.57 7.06 7.57 8.1 8.65 9.22 9.81 10.42 11.05 11.7 12.37 13.06 13.77 14.5 15.25 16.02 16.81 17.62 18.45 19.3 20.17 21.06 21.97 22.9 23.85 24.82 25.81 26.82 27.85 28.9 29.97 31.06 32.17 33.3 34.45 35.62 36.81 38.02 39.25 40.5 41.77 43.06 44.37 45.7 47.05 48.42 49.81 51.22 52.65 54.1 55.57 57.06 58.57 60.1 61.65 63.22 64.81 66.42 68.05 69.7 71.37 73.06 74.77 76.5 78.25 80.02 81.81 83.62 85.45 87.3 89.17 91.06 92.97 94.9 96.85 98.82 
1 1.01 1.04 1.09 1.16 1.25 1.36 1.49 1.64 1.81 2 2.21 2.44 2.69 2.96 3.25 3.56 3.89 4.24 4.61 5 5.41 5.84 6.29 6.76 7.25 7.76 8.29 8.84 9.41 10 10.61 11.24 11.89 12.56 13.25 13.96 14.69 15.44 16.21 17 17.81 18.64 19.49 20.36 21.25 22.16 23.09 24.04 25.01 26 27.01 28.04 29.09 30.16 31.25 32.36 33.49 34.64 35.81 37 38.21 39.44 40.69 41.96 43.25 44.56 45.89 47.24 48.61 50 51.41 52.84 54.29 55.76 57.25 58.76 60.29 61.84 63.41 65 66.61 68.24 69.89 71.56 73.25 74.96 76.69 78.44 80.21 82 83.81 85.64 87.49 89.36 91.25 93.16 95.09 97.04 99.01 
1.21 1.22 1.25 1.3 1.37 1.46 1.57 1.7 1.85 2.02 2.21 2.42 2.65 2.9 3.17 3.46 3.77 4.1 4.45 4.82 5.21 5.62 6.05 6.5 6.97 7.46 7.97 8.5 9.05 9.62 10.21 10.82 11.45 12.1 12.77 13.46 14.17 14.9 15.65 16.42 17.21 18.02 18.85 19.7 20.57 21.46 22.37 23.3 24.25 25.22 26.21 27.22 28.25 29.3 30.37 31.46 32.57 33.7 34.85 36.02 37.21 38.42 39.65 40.9 42.17 43.46 44.77 46.1 47.45 48.82 50.21 51.62 53.05 54.5 55.97 57.46 58.97 60.5 62.05 63.62 65.21 66.82 68.45 70.1 71.77 73.46 75.17 76.9 78.65 80.42 82.21 84.02 85.85 87.7 89.57 91.46 93.37 95.3 97.25 99.22 
1.44 1.45 1.48 1.53 1.6 1.69 1.8 1.93 2.08 2.25 2.44 2.65 2.88 3.13 3.4 3.69 4 4.33 4.68 5.05 5.44 5.85 6.28 6.73 7.2 7.69 8.2 8.73 9.28 9.85 10.44 11.05 11.68 12.33 13 13.69 14.4 15.13 15.88 16.65 17.44 18.25 19.08 19.93 20.8 21.69 22.6 23.53 24.48 25.45 26.44 27.45 28.48 29.53 30.6 31.69 32.8 33.93 35.08 36.25 37.44 38.65 39.88 41.13 42.4 43.69 45 46.33 47.68 49.05 50.44 51.85 53.28 54.73 56.2 57.69 59.2 60.73 62.28 63.85 65.44 67.05 68.68 70.33 72 73.69 75.4 77.13 78.88 80.65 82.44 84.25 86.08 87.93 89.8 91.69 93.6 95.53 97.48 99.45 
1.69 1.7 1.73 1.78 1.85 1.94 2.05 2.18 2.33 2.5 2.69 2.9 3.13 3.38 3.65 3.94 4.25 4.58 4.93 5.3 5.69 6.1 6.53 6.98 7.45 7.94 8.45 8.98 9.53 10.1 10.69 11.3 11.93 12.58 13.25 13.94 14.65 15.38 16.13 16.9 17.69 18.5 19.33 20.18 21.05 21.94 22.85 23.78 24.73 25.7 26.69 27.7 28.73 29.78 30.85 31.94 33.05 34.18 35.33 36.5 37.69 38.9 40.13 41.38 42.65 43.94 45.25 46.58 47.93 49.3 50.69 52.1 53.53 54.98 56.45 57.94 59.45 60.98 62.53 64.1 65.69 67.3 68.93 70.58 72.25 73.94 75.65 77.38 79.13 80.9 82.69 84.5 86.33 88.18 90.05 91.94 93.85 95.78 97.73 99.7 
1.96 1.97 2 2.05 2.12 2.21 2.32 2.45 2.6 2.77 2.96 3.17 3.4 3.65 3.92 4.21 4.52 4.85 5.2 5.57 5.96 6.37 6.8 7.25 7.72 8.21 8.72 9.25 9.8 10.37 10.96 11.57 12.2 12.85 13.52 14.21 14.92 15.65 16.4 17.17 17.96 18.77 19.6 20.45 21.32 22.21 23.12 24.05 25 25.97 26.96 27.97 29 30.05 31.12 32.21 33.32 34.45 35.6 36.77 37.96 39.17 40.4 41.65 42.92 44.21 45.52 46.85 48.2 49.57 50.96 52.37 53.8 55.25 56.72 58.21 59.72 61.25 62.8 64.37 65.96 67.57 69.2 70.85 72.52 74.21 75.92 77.65 79.4 81.17 82.96 84.77 86.6 88.45 90.32 92.21 94.12 96.05 98 99.97 
2.25 2.26 2.29 2.34 2.41 2.5 2.61 2.74 2.89 3.06 3.25 3.46 3.69 3.94 4.21 4.5 4.81 5.14 5.49 5.86 6.25 6.66 7.09 7.54 8.01 8.5 9.01 9.54 10.09 10.66 11.25 11.86 12.49 13.14 13.81 14.5 15.21 15.94 16.69 17.46 18.25 19.06 19.89 20.74 21.61 22.5 23.41 24.34 25.29 26.26 27.25 28.26 29.29 30.34 31.41 32.5 33.61 34.74 35.89 37.06 38.25 39.46 40.69 41.94 43.21 44.5 45.81 47.14 48.49 49.86 51.25 52.66 54.09 55.54 57.01 58.5 60.01 61.54 63.09 64.66 66.25 67.86 69.49 71.14 72.81 74.5 76.21 77.94 79.69 81.46 83.25 85.06 86.89 88.74 90.61 92.5 94.41 96.34 98.29 100.26 
2.56 2.57 2.6 2.65 2.72 2.81 2.92 3.05 3.2 3.37 3.56 3.77 4 4.25 4.52 4.81 5.12 5.45 5.8 6.17 6.56 6.97 7.4 7.85 8.32 8.81 9.32 9.85 10.4 10.97 11.56 12.17 12.8 13.45 14.12 14.81 15.52 16.25 17 17.77 18.56 19.37 20.2 21.05 21.92 22.81 23.72 24.65 25.6 26.57 27.56 28.57 29.6 30.65 31.72 32.81 33.92 35.05 36.2 37.37 38.56 39.77 41 42.25 43.52 44.81 46.12 47.45 48.8 50.17 51.56 52.97 54.4 55.85 57.32 58.81 60.32 61.85 63.4 64.97 66.56 68.17 69.8 71.45 73.12 74.81 76.52 78.25 80 81.77 83.56 85.37 87.2 89.05 90.92 92.81 94.72 96.65 98.6 100.57 
2.89 2.9 2.93 2.98 3.05 3.14 3.25 3.38 3.53 3.7 3.89 4.1 4.33 4.58 4.85 5.14 5.45 5.78 6.13 6.5 6.89 7.3 7.73 8.18 8.65 9.14 9.65 10.18 10.73 11.3 11.89 12.5 13.13 13.78 14.45 15.14 15.85 16.58 17.33 18.1 18.89 19.7 20.53 21.38 22.25 23.14 24.05 24.98 25.93 26.9 27.89 28.9 29.93 30.98 32.05 33.14 34.25 35.38 36.53 37.7 38.89 40.1 41.33 42.58 43.85 45.14 46.45 47.78 49.13 50.5 51.89 53.3 54.73 56.18 57.65 59.14 60.65 62.18 63.73 65.3 66.89 68.5 70.13 71.78 73.45 75.14 76.85 78.58 80.33 82.1 83.89 85.7 87.53 89.38 91.25 93.14 95.05 96.98 98.93 100.9 
3.24 3.25 3.28 3.33 3.4 3.49 3.6 3.73 3.88 4.05 4.24 4.45 4.68 4.93 5.2 5.49 5.8 6.13 6.48 6.85 7.24 7.65 8.08 8.53 9 9.49 10 10.53 11.08 11.65 12.24 12.85 13.48 14.13 14.8 15.49 16.2 16.93 17.68 18.45 19.24 20.05 20.88 21.73 22.6 23.49 24.4 25.33 26.28 27.25 28.24 29.25 30.28 31.33 32.4 33.49 34.6 35.73 36.88 38.05 39.24 40.45 41.68 42.93 44.2 45.49 46.8 48.13 49.48 50.85 52.24 53.65 55.08 56.53 58 59.49 61 62.53 64.08 65.65 67.24 68.85 70.48 72.13 73.8 75.49 77.2 78.93 80.68 82.45 84.24 86.05 87.88 89.73 91.6 93.49 95.4 97.33 99.28 101.25 
3.61 3.62 3.65 3.7 3.77 3.86 3.97 4.1 4.25 4.42 4.61 4.82 5.05 5.3 5.57 5.86 6.17 6.5 6.85 7.22 7.61 8.02 8.45 8.9 9.37 9.86 10.37 10.9 11.45 12.02 12.61 13.22 13.85 14.5 15.17 15.86 16.57 17.3 18.05 18.82 19.61 20.42 21.25 22.1 22.97 23.86 24.77 25.7 26.65 27.62 28.61 29.62 30.65 31.7 32.77 33.86 34.97 36.1 37.25 38.42 39.61 40.82 42.05 43.3 44.57 45.86 47.17 48.5 49.85 51.22 52.61 54.02 55.45 56.9 58.37 59.86 61.37 62.9 64.45 66.02 67.61 69.22 70.85 72.5 74.17 75.86 77.57 79.3 81.05 82.82 84.61 86.42 88.25 90.1 91.97 93.86 95.77 97.7 99.65 101.62 
4 4.01 4.04 4.09 4.16 4.25 4.36 4.49 4.64 4.81 5 5.21 5.44 5.69 5.96 6.25 6.56 6.89 7.24 7.61 8 8.41 8.84 9.29 9.76 10.25 10.76 11.29 11.84 12.41 13 13.61 14.24 14.89 15.56 16.25 16.96 17.69 18.44 19.21 20 20.81 21.64 22.49 23.36 24.25 25.16 26.09 27.04 28.01 29 30.01 31.04 32.09 33.16 34.25 35.36 36.49 37.64 38.81 40 41.21 42.44 43.69 44.96 46.25 47.56 48.89 50.24 51.61 53 54.41 55.84 57.29 58.76 60.25 61.76 63.29 64.84 66.41 68 69.61 71.24 72.89 74.56 76.25 77.96 79.69 81.44 83.21 85 86.81 88.64 90.49 92.36 94.25 96.16 98.09 100.04 102.01 
4.41 4.42 4.45 4.5 4.57 4.66 4.77 4.9 5.05 5.22 5.41 5.62 5.85 6.1 6.37 6.66 6.97 7.3 7.65 8.02 8.41 8.82 9.25 9.7 10.17 10.66 11.17 11.7 12.25 12.82 13.41 14.02 14.65 15.3 15.97 16.66 17.37 18.1 18.85 19.62 20.41 21.22 22.05 22.9 23.77 24.66 25.57 26.5 27.45 28.42 29.41 30.42 31.45 32.5 33.57 34.66 35.77 36.9 38.05 39.22 40.41 41.62 42.85 44.1 45.37 46.66 47.97 49.3 50.65 52.02 53.41 54.82 56.25 57.7 59.17 60.66 62.17 63.7 65.25 66.82 68.41 70.02 71.65 73.3 74.97 76.66 78.37 80.1 81.85 83.62 85.41 87.22 89.05 90.9 92.77 94.66 96.57 98.5 100.45 102.42 
4.84 4.85 4.88 4.93 5 5.09 5.2 5.33 5.48 5.65 5.84 6.05 6.28 6.53 6.8 7.09 7.4 7.73 8.08 8.45 8.84 9.25 9.68 10.13 10.6 11.09 11.6 12.13 12.68 13.25 13.84 14.45 15.08 15.73 16.4 17.09 17.8 18.53 19.28 20.05 20.84 21.65 22.48 23.33 24.2 25.09 26 26.93 27.88 28.85 29.84 30.85 31.88 32.93 34 35.09 36.2 37.33 38.48 39.65 40.84 42.05 43.28 44.53 45.8 47.09 48.4 49.73 51.08 52.45 53.84 55.25 56.68 58.13 59.6 61.09 62.6 64.13 65.68 67.25 68.84 70.45 72.08 73.73 75.4 77.09 78.8 80.53 82.28 84.05 85.84 87.65 89.48 91.33 93.2 95.09 97 98.93 100.88 102.85 
5.29 5.3 5.33 5.38 5.45 5.54 5.65 5.78 5.93 6.1 6.29 6.5 6.73 6.98 7.25 7.54 7.85 8.18 8.53 8.9 9.29 9.7 10.13 10.58 11.05 11.54 12.05 12.58 13.13 13.7 14.29 14.9 15.53 16.18 16.85 17.54 18.25 18.98 19.73 20.5 21.29 22.1 22.93 23.78 24.65 25.54 26.45 27.38 28.33 29.3 30.29 31.3 32.33 33.38 34.45 35.54 36.65 37.78 38.93 40.1 41.29 42.5 43.73 44.98 46.25 47.54 48.85 50.18 51.53 52.9 54.29 55.7 57.13 58.58 60.05 61.54 63.05 64.58 66.13 67.7 69.29 70.9 72.53 74.18 75.85 77.54 79.25 80.98 82.73 84.5 86.29 88.1 89.93 91.78 93.65 95.54 97.45 99.38 101.33 103.3 
5.76 5.77 5.8 5.85 5.92 6.01 6.12 6.25 6.4 6.57 6.76 6.97 7.2 7.45 7.72 8.01 8.32 8.65 9 9.37 9.76 10.17 10.6 11.05 11.52 12.01 12.52 13.05 13.6 14.17 14.76 15.37 16 16.65 17.32 18.01 18.72 19.45 20.2 20.97 21.76 22.57 23.4 24.25 25.12 26.01 26.92 27.85 28.8 29.77 30.76 31.77 32.8 33.85 34.92 36.01 37.12 38.25 39.4 40.57 41.76 42.97 44.2 45.45 46.72 48.01 49.32 50.65 52 53.37 54.76 56.17 57.6 59.05 60.52 62.01 63.52 65.05 66.6 68.17 69.76 71.37 73 74.65 76.32 78.01 79.72 81.45 83.2 84.97 86.76 88.57 90.4 92.25 94.12 96.01 97.92 99.85 101.8 103.77 
6.25 6.26 6.29 6.34 6.41 6.5 6.61 6.74 6.89 7.06 7.25 7.46 7.69 7.94 8.21 8.5 8.81 9.14 9.49 9.86 10.25 10.66 11.09 11.54 12.01 12.5 13.01 13.54 14.09 14.66 15.25 15.86 16.49 17.14 17.81 18.5 19.21 19.94 20.69 21.46 22.25 23.06 23.89 24.74 25.61 26.5 27.41 28.34 29.29 30.26 31.25 32.26 33.29 34.34 35.41 36.5 37.61 38.74 39.89 41.06 42.25 43.46 44.69 45.94 47.21 48.5 49.81 51.14 52.49 53.86 55.25 56.66 58.09 59.54 61.01 62.5 64.01 65.54 67.09 68.66 70.25 71.86 73.49 75.14 76.81 78.5 80.21 81.94 83.69 85.46 87.25 89.06 90.89 92.74 94.61 96.5 98.41 100.34 102.29 104.26 
6.76 6.77 6.8 6.85 6.92 7.01 7.12 7.25 7.4 7.57 7.76 7.97 8.2 8.45 8.72 9.01 9.32 9.65 10 10.37 10.76 11.17 11.6 12.05 12.52 13.01 13.52 14.05 14.6 15.17 15.76 16.37 17 17.65 18.32 19.01 19.72 20.45 21.2 21.97 22.76 23.57 24.4 25.25 26.12 27.01 27.92 28.85 29.8 30.77 31.76 32.77 33.8 34.85 35.92 37.01 38.12 39.25 40.4 41.57 42.76 43.97 45.2 46.45 47.72 49.01 50.32 51.65 53 54.37 55.76 57.17 58.6 60.05 61.52 63.01 64.52 66.05 67.6 69.17 70.76 72.37 74 75.65 77.32 79.01 80.72 82.45 84.2 85.97 87.76 89.57 91.4 93.25 95.12 97.01 98.92 100.85 102.8 104.77 
7.29 7.3 7.33 7.38 7.45 7.54 7.65 7.78 7.93 8.1 8.29 8.5 8.73 8.98 9.25 9.54 9.85 10.18 10.53 10.9 11.29 11.7 12.13 12.58 13.05 13.54 14.05 14.58 15.13 15.7 16.29 16.9 17.53 18.18 18.85 19.54 20.25 20.98 21.73 22.5 23.29 24.1 24.93 25.78 26.65 27.54 28.45 29.38 30.33 31.3 32.29 33.3 34.33 35.38 36.45 37.54 38.65 39.78 40.93 42.1 43.29 44.5 45.73 46.98 48.25 49.54 50.85 52.18 53.53 54.9 56.29 57.7 59.13 60.58 62.05 63.54 65.05 66.58 68.13 69.7 71.29 72.9 74.53 76.18 77.85 79.54 81.25 82.98 84.73 86.5 88.29 90.1 91.93 93.78 95.65 97.54 99.45 101.38 103.33 105.3 
7.84 7.85 7.88 7.93 8 8.09 8.2 8.33 8.48 8.65 8.84 9.05 9.28 9.53 9.8 10.09 10.4 10.73 11.08 11.45 11.84 12.25 12.68 13.13 13.6 14.09 14.6 15.13 15.68 16.25 16.84 17.45 18.08 18.73 19.4 20.09 20.8 21.53 22.28 23.05 23.84 24.65 25.48 26.33 27.2 28.09 29 29.93 30.88 31.85 32.84 33.85 34.88 35.93 37 38.09 39.2 40.33 41.48 42.65 43.84 45.05 46.28 47.53 48.8 50.09 51.4 52.73 54.08 55.45 56.84 58.25 59.68 61.13 62.6 64.09 65.6 67.13 68.68 70.25 71.84 73.45 75.08 76.73 78.4 80.09 81.8 83.53 85.28 87.05 88.84 90.65 92.48 94.33 96.2 98.09 100 101.93 103.88 105.85 
8.41 8.42 8.45 8.5 8.57 8.66 8.77 8.9 9.05 9.22 9.41 9.62 9.85 10.1 10.37 10.66 10.97 11.3 11.65 12.02 12.41 12.82 13.25 13.7 14.17 14.66 15.17 15.7 16.25 16.82 17.41 18.02 18.65 19.3 19.97 20.66 21.37 22.1 22.85 23.62 24.41 25.22 26.05 26.9 27.77 28.66 29.57 30.5 31.45 32.42 33.41 34.42 35.45 36.5 37.57 38.66 39.77 40.9 42.05 43.22 44.41 45.62 46.85 48.1 49.37 50.66 51.97 53.3 54.65 56.02 57.41 58.82 60.25 61.7 63.17 64.66 66.17 67.7 69.25 70.82 72.41 74.02 75.65 77.3 78.97 80.66 82.37 84.1 85.85 87.62 89.41 91.22 93.05 94.9 96.77 98.66 100.57 102.5 104.45 106.42 
9 9.01 9.04 9.09 9.16 9.25 9.36 9.49 9.64 9.81 10 10.21 10.44 10.69 10.96 11.25 11.56 11.89 12.24 12.61 13 13.41 13.84 14.29 14.76 15.25 15.76 16.29 16.84 17.41 18 18.61 19.24 19.89 20.56 21.25 21.96 22.69 23.44 24.21 25 25.81 26.64 27.49 28.36 29.25 30.16 31.09 32.04 33.01 34 35.01 36.04 37.09 38.16 39.25 40.36 41.49 42.64 43.81 45 46.21 47.44 48.69 49.96 51.25 52.56 53.89 55.24 56.61 58 59.41 60.84 62.29 63.76 65.25 66.76 68.29 69.84 71.41 73 74.61 76.24 77.89 79.56 81.25 82.96 84.69 86.44 88.21 90 91.81 93.64 95.49 97.36 99.25 101.16 103.09 105.04 107.01 
9.61 9.62 9.65 9.7 9.77 9.86 9.97 10.1 10.25 10.42 10.61 10.82 11.05 11.3 11.57 11.86 12.17 12.5 12.85 13.22 13.61 14.02 14.45 14.9 15.37 15.86 16.37 16.9 17.45 18.02 18.61 19.22 19.85 20.5 21.17 21.86 22.57 23.3 24.05 24.82 25.61 26.42 27.25 28.1 28.97 29.86 30.77 31.7 32.65 33.62 34.61 35.62 36.65 37.7 38.77 39.86 40.97 42.1 43.25 44.42 45.61 46.82 48.05 49.3 50.57 51.86 53.17 54.5 55.85 57.22 58.61 60.02 61.45 62.9 64.37 65.86 67.37 68.9 70.45 72.02 73.61 75.22 76.85 78.5 80.17 81.86 83.57 85.3 87.05 88.82 90.61 92.42 94.25 96.1 97.97 99.86 101.77 103.7 105.65 107.62 
10.24 10.25 10.28 10.33 10.4 10.49 10.6 10.73 10.88 11.05 11.24 11.45 11.68 11.93 12.2 12.49 12.8 13.13 13.48 13.85 14.24 14.65 15.08 15.53 16 16.49 17 17.53 18.08 18.65 19.24 19.85 20.48 21.13 21.8 22.49 23.2 23.93 24.68 25.45 26.24 27.05 27.88 28.73 29.6 30.49 31.4 32.33 33.28 34.25 35.24 36.25 37.28 38.33 39.4 40.49 41.6 42.73 43.88 45.05 46.24 47.45 48.68 49.93 51.2 52.49 53.8 55.13 56.48 57.85 59.24 60.65 62.08 63.53 65 66.49 68 69.53 71.08 72.65 74.24 75.85 77.48 79.13 80.8 82.49 84.2 85.93 87.68 89.45 91.24 93.05 94.88 96.73 98.6 100.49 102.4 104.33 106.28 108.25 
10.89 10.9 10.93 10.98 11.05 11.14 11.25 11.38 11.53 11.7 11.89 12.1 12.33 12.58 12.85 13.14 13.45 13.78 14.13 14.5 14.89 15.3 15.73 16.18 16.65 17.14 17.65 18.18 18.73 19.3 19.89 20.5 21.13 21.78 22.45 23.14 23.85 24.58 25.33 26.1 26.89 27.7 28.53 29.38 30.25 31.14 32.05 32.98 33.93 34.9 35.89 36.9 37.93 38.98 40.05 41.14 42.25 43.38 44.53 45.7 46.89 48.1 49.33 50.58 51.85 53.14 54.45 55.78 57.13 58.5 59.89 61.3 62.73 64.18 65.65 67.14 68.65 70.18 71.73 73.3 74.89 76.5 78.13 79.78 81.45 83.14 84.85 86.58 88.33 90.1 91.89 93.7 95.53 97.38 99.25 101.14 103.05 104.98 106.93 108.9 
11.56 11.57 11.6 11.65 11.72 11.81 11.92 12.05 12.2 12.37 12.56 12.77 13 13.25 13.52 13.81 14.12 14.45 14.8 15.17 15.56 15.97 16.4 16.85 17.32 17.81 18.32 18.85 19.4 19.97 20.56 21.17 21.8 22.45 23.12 23.81 24.52 25.25 26 26.77 27.56 28.37 29.2 30.05 30.92 31.81 32.72 33.65 34.6 35.57 36.56 37.57 38.6 39.65 40.72 41.81 42.92 44.05 45.2 46.37 47.56 48.77 50 51.25 52.52 53.81 55.12 56.45 57.8 59.17 60.56 61.97 63.4 64.85 66.32 67.81 69.32 70.85 72.4 73.97 75.56 77.17 78.8 80.45 82.12 83.81 85.52 87.25 89 90.77 92.56 94.37 96.2 98.05 99.92 101.81 103.72 105.65 107.6 109.57 
12.25 12.26 12.29 12.34 12.41 12.5 12.61 12.74 12.89 13.06 13.25 13.46 13.69 13.94 14.21 14.5 14.81 15.14 15.49 15.86 16.25 16.66 17.09 17.54 18.01 18.5 19.01 19.54 20.09 20.66 21.25 21.86 22.49 23.14 23.81 24.5 25.21 25.94 26.69 27.46 28.25 29.06 29.89 30.74 31.61 32.5 33.41 34.34 35.29 36.26 37.25 38.26 39.29 40.34 41.41 42.5 43.61 44.74 45.89 47.06 48.25 49.46 50.69 51.94 53.21 54.5 55.81 57.14 58.49 59.86 61.25 62.66 64.09 65.54 67.01 68.5 70.01 71.54 73.09 74.66 76.25 77.86 79.49 81.14 82.81 84.5 86.21 87.94 89.69 91.46 93.25 95.06 96.89 98.74 100.61 102.5 104.41 106.34 108.29 110.26 
12.96 12.97 13 13.05 13.12 13.21 13.32 13.45 13.6 13.77 13.96 14.17 14.4 14.65 14.92 15.21 15.52 15.85 16.2 16.57 16.96 17.37 17.8 18.25 18.72 19.21 19.72 20.25 20.8 21.37 21.96 22.57 23.2 23.85 24.52 25.21 25.92 26.65 27.4 28.17 28.96 29.77 30.6 31.45 32.32 33.21 34.12 35.05 36 36.97 37.96 38.97 40 41.05 42.12 43.21 44.32 45.45 46.6 47.77 48.96 50.17 51.4 52.65 53.92 55.21 56.52 57.85 59.2 60.57 61.96 63.37 64.8 66.25 67.72 69.21 70.72 72.25 73.8 75.37 76.96 78.57 80.2 81.85 83.52 85.21 86.92 88.65 90.4 92.17 93.96 95.77 97.6 99.45 101.32 103.21 105.12 107.05 109 110.97 
13.69 13.7 13.73 13.78 13.85 13.94 14.05 14.18 14.33 14.5 14.69 14.9 15.13 15.38 15.65 15.94 16.25 16.58 16.93 17.3 17.69 18.1 18.53 18.98 19.45 19.94 20.45 20.98 21.53 22.1 22.69 23.3 23.93 24.58 25.25 25.94 26.65 27.38 28.13 28.9 29.69 30.5 31.33 32.18 33.05 33.94 34.85 35.78 36.73 37.7 38.69 39.7 40.73 41.78 42.85 43.94 45.05 46.18 47.33 48.5 49.69 50.9 52.13 53.38 54.65 55.94 57.25 58.58 59.93 61.3 62.69 64.1 65.53 66.98 68.45 69.94 71.45 72.98 74.53 76.1 77.69 79.3 80.93 82.58 84.25 85.94 87.65 89.38 91.13 92.9 94.69 96.5 98.33 100.18 102.05 103.94 105.85 107.78 109.73 111.7 
14.44 14.45 14.48 14.53 14.6 14.69 14.8 14.93 15.08 15.25 15.44 15.65 15.88 16.13 16.4 16.69 17 17.33 17.68 18.05 18.44 18.85 19.28 19.73 20.2 20.69 21.2 21.73 22.28 22.85 23.44 24.05 24.68 25.33 26 26.69 27.4 28.13 28.88 29.65 30.44 31.25 32.08 32.93 33.8 34.69 35.6 36.53 37.48 38.45 39.44 40.45 41.48 42.53 43.6 44.69 45.8 46.93 48.08 49.25 50.44 51.65 52.88 54.13 55.4 56.69 58 59.33 60.68 62.05 63.44 64.85 66.28 67.73 69.2 70.69 72.2 73.73 75.28 76.85 78.44 80.05 81.68 83.33 85 86.69 88.4 90.13 91.88 93.65 95.44 97.25 99.08 100.93 102.8 104.69 106.6 108.53 110.48 112.45 
15.21 15.22 15.25 15.3 15.37 15.46 15.57 15.7 15.85 16.02 16.21 16.42 16.65 16.9 17.17 17.46 17.77 18.1 18.45 18.82 19.21 19.62 20.05 20.5 20.97 21.46 21.97 22.5 23.05 23.62 24.21 24.82 25.45 26.1 26.77 27.46 28.17 28.9 29.65 30.42 31.21 32.02 32.85 33.7 34.57 35.46 36.37 37.3 38.25 39.22 40.21 41.22 42.25 43.3 44.37 45.46 46.57 47.7 48.85 50.02 51.21 52.42 53.65 54.9 56.17 57.46 58.77 60.1 61.45 62.82 64.21 65.62 67.05 68.5 69.97 71.46 72.97 74.5 76.05 77.62 79.21 80.82 82.45 84.1 85.77 87.46 89.17 90.9 92.65 94.42 96.21 98.02 99.85 101.7 103.57 105.46 107.37 109.3 111.25 113.22 
16 16.01 16.04 16.09 16.16 16.25 16.36 16.49 16.64 16.81 17 17.21 17.44 17.69 17.96 18.25 18.56 18.89 19.24 19.61 20 20.41 20.84 21.29 21.76 22.25 22.76 23.29 23.84 24.41 25 25.61 26.24 26.89 27.56 28.25 28.96 29.69 30.44 31.21 32 32.81 33.64 34.49 35.36 36.25 37.16 38.09 39.04 40.01 41 42.01 43.04 44.09 45.16 46.25 47.36 48.49 49.64 50.81 52 53.21 54.44 55.69 56.96 58.25 59.56 60.89 62.24 63.61 65 66.41 67.84 69.29 70.76 72.25 73.76 75.29 76.84 78.41 80 81.61 83.24 84.89 86.56 88.25 89.96 91.69 93.44 95.21 97 98.81 100.64 102.49 104.36 106.25 108.16 110.09 112.04 114.01 
16.81 16.82 16.85 16.9 16.97 17.06 17.17 17.3 17.45 17.62 17.81 18.02 18.25 18.5 18.77 19.06 19.37 19.7 20.05 20.42 20.81 21.22 21.65 22.1 22.57 23.06 23.57 24.1 24.65 25.22 25.81 26.42 27.05 27.7 28.37 29.06 29.77 30.5 31.25 32.02 32.81 33.62 34.45 35.3 36.17 37.06 37.97 38.9 39.85 40.82 41.81 42.82 43.85 44.9 45.97 47.06 48.17 49.3 50.45 51.62 52.81 54.02 55.25 56.5 57.77 59.06 60.37 61.7 63.05 64.42 65.81 67.22 68.65 70.1 71.57 73.06 74.57 76.1 77.65 79.22 80.81 82.42 84.05 85.7 87.37 89.06 90.77 92.5 94.25 96.02 97.81 99.62 101.45 103.3 105.17 107.06 108.97 110.9 112.85 114.82 
17.64 17.65 17.68 17.73 17.8 17.89 18 18.13 18.28 18.45 18.64 18.85 19.08 19.33 19.6 19.89 20.2 20.53 20.88 21.25 21.64 22.05 22.48 22.93 23.4 23.89 24.4 24.93 25.48 26.05 26.64 27.25 27.88 28.53 29.2 29.89 30.6 31.33 32.08 32.85 33.64 34.45 35.28 36.13 37 37.89 38.8 39.73 40.68 41.65 42.64 43.65 44.68 45.73 46.8 47.89 49 50.13 51.28 52.45 53.64 54.85 56.08 57.33 58.6 59.89 61.2 62.53 63.88 65.25 66.64 68.05 69.48 70.93 72.4 73.89 75.4 76.93 78.48 80.05 81.64 83.25 84.88 86.53 88.2 89.89 91.6 93.33 95.08 96.85 98.64 100.45 102.28 104.13 106 107.89 109.8 111.73 113.68 115.65 
18.49 18.5 18.53 18.58 18.65 18.74 18.85 18.98 19.13 19.3 19.49 19.7 19.93 20.18 20.45 20.74 21.05 21.38 21.73 22.1 22.49 22.9 23.33 23.78 24.25 24.74 25.25 25.78 26.33 26.9 27.49 28.1 28.73 29.38 30.05 30.74 31.45 32.18 32.93 33.7 34.49 35.3 36.13 36.98 37.85 38.74 39.65 40.58 41.53 42.5 43.49 44.5 45.53 46.58 47.65 48.74 49.85 50.98 52.13 53.3 54.49 55.7 56.93 58.18 59.45 60.74 62.05 63.38 64.73 66.1 67.49 68.9 70.33 71.78 73.25 74.74 76.25 77.78 79.33 80.9 82.49 84.1 85.73 87.38 89.05 90.74 92.45 94.18 95.93 97.7 99.49 101.3 103.13 104.98 106.85 108.74 110.65 112.58 114.53 116.5 
19.36 19.37 19.4 19.45 19.52 19.61 19.72 19.85 20 20.17 20.36 20.57 20.8 21.05 21.32 21.61 21.92 22.25 22.6 22.97 23.36 23.77 24.2 24.65 25.12 25.61 26.12 26.65 27.2 27.77 28.36 28.97 29.6 30.25 30.92 31.61 32.32 33.05 33.8 34.57 35.36 36.17 37 37.85 38.72 39.61 40.52 41.45 42.4 43.37 44.36 45.37 46.4 47.45 48.52 49.61 50.72 51.85 53 54.17 55.36 56.57 57.8 59.05 60.32 61.61 62.92 64.25 65.6 66.97 68.36 69.77 71.2 72.65 74.12 75.61 77.12 78.65 80.2 81.77 83.36 84.97 86.6 88.25 89.92 91.61 93.32 95.05 96.8 98.57 100.36 102.17 104 105.85 107.72 109.61 111.52 113.45 115.4 117.37 
20.25 20.26 20.29 20.34 20.41 20.5 20.61 20.74 20.89 21.06 21.25 21.46 21.69 21.94 22.21 22.5 22.81 23.14 23.49 23.86 24.25 24.66 25.09 25.54 26.01 26.5 27.01 27.54 28.09 28.66 29.25 29.86 30.49 31.14 31.81 32.5 33.21 33.94 34.69 35.46 36.25 37.06 37.89 38.74 39.61 40.5 41.41 42.34 43.29 44.26 45.25 46.26 47.29 48.34 49.41 50.5 51.61 52.74 53.89 55.06 56.25 57.46 58.69 59.94 61.21 62.5 63.81 65.14 66.49 67.86 69.25 70.66 72.09 73.54 75.01 76.5 78.01 79.54 81.09 82.66 84.25 85.86 87.49 89.14 90.81 92.5 94.21 95.94 97.69 99.46 101.25 103.06 104.89 106.74 108.61 110.5 112.41 114.34 116.29 118.26 
21.16 21.17 21.2 21.25 21.32 21.41 21.52 21.65 21.8 21.97 22.16 22.37 22.6 22.85 23.12 23.41 23.72 24.05 24.4 24.77 25.16 25.57 26 26.45 26.92 27.41 27.92 28.45 29 29.57 30.16 30.77 31.4 32.05 32.72 33.41 34.12 34.85 35.6 36.37 37.16 37.97 38.8 39.65 40.52 41.41 42.32 43.25 44.2 45.17 46.16 47.17 48.2 49.25 50.32 51.41 52.52 53.65 54.8 55.97 57.16 58.37 59.6 60.85 62.12 63.41 64.72 66.05 67.4 68.77 70.16 71.57 73 74.45 75.92 77.41 78.92 80.45 82 83.57 85.16 86.77 88.4 90.05 91.72 93.41 95.12 96.85 98.6 100.37 102.16 103.97 105.8 107.65 109.52 111.41 113.32 115.25 117.2 119.17 
22.09 22.1 22.13 22.18 22.25 22.34 22.45 22.58 22.73 22.9 23.09 23.3 23.53 23.78 24.05 24.34 24.65 24.98 25.33 25.7 26.09 26.5 26.93 27.38 27.85 28.34 28.85 29.38 29.93 30.5 31.09 31.7 32.33 32.98 33.65 34.34 35.05 35.78 36.53 37.3 38.09 38.9 39.73 40.58 41.45 42.34 43.25 44.18 45.13 46.1 47.09 48.1 49.13 50.18 51.25 52.34 53.45 54.58 55.73 56.9 58.09 59.3 60.53 61.78 63.05 64.34 65.65 66.98 68.33 69.7 71.09 72.5 73.93 75.38 76.85 78.34 79.85 81.38 82.93 84.5 86.09 87.7 89.33 90.98 92.65 94.34 96.05 97.78 99.53 101.3 103.09 104.9 106.73 108.58 110.45 112.34 114.25 116.18 118.13 120.1 
23.04 23.05 23.08 23.13 23.2 23.29 23.4 23.53 23.68 23.85 24.04 24.25 24.48 24.73 25 25.29 25.6 25.93 26.28 26.65 27.04 27.45 27.88 28.33 28.8 29.29 29.8 30.33 30.88 31.45 32.04 32.65 33.28 33.93 34.6 35.29 36 36.73 37.48 38.25 39.04 39.85 40.68 41.53 42.4 43.29 44.2 45.13 46.08 47.05 48.04 49.05 50.08 51.13 52.2 53.29 54.4 55.53 56.68 57.85 59.04 60.25 61.48 62.73 64 65.29 66.6 67.93 69.28 70.65 72.04 73.45 74.88 76.33 77.8 79.29 80.8 82.33 83.88 85.45 87.04 88.65 90.28 91.93 93.6 95.29 97 98.73 100.48 102.25 104.04 105.85 107.68 109.53 111.4 113.29 115.2 117.13 119.08 121.05 
24.01 24.02 24.05 24.1 24.17 24.26 24.37 24.5 24.65 24.82 25.01 25.22 25.45 25.7 25.97 26.26 26.57 26.9 27.25 27.62 28.01 28.42 28.85 29.3 29.77 30.26 30.77 31.3 31.85 32.42 33.01 33.62 34.25 34.9 35.57 36.26 36.97 37.7 38.45 39.22 40.01 40.82 41.65 42.5 43.37 44.26 45.17 46.1 47.05 48.02 49.01 50.02 51.05 52.1 53.17 54.26 55.37 56.5 57.65 58.82 60.01 61.22 62.45 63.7 64.97 66.26 67.57 68.9 70.25 71.62 73.01 74.42 75.85 77.3 78.77 80.26 81.77 83.3 84.85 86.42 88.01 89.62 91.25 92.9 94.57 96.26 97.97 99.7 101.45 103.22 105.01 106.82 108.65 110.5 112.37 114.26 116.17 118.1 120.05 122.02 
25 25.01 25.04 25.09 25.16 25.25 25.36 25.49 25.64 25.81 26 26.21 26.44 26.69 26.96 27.25 27.56 27.89 28.24 28.61 29 29.41 29.84 30.29 30.76 31.25 31.76 32.29 32.84 33.41 34 34.61 35.24 35.89 36.56 37.25 37.96 38.69 39.44 40.21 41 41.81 42.64 43.49 44.36 45.25 46.16 47.09 48.04 49.01 50 51.01 52.04 53.09 54.16 55.25 56.36 57.49 58.64 59.81 61 62.21 63.44 64.69 65.96 67.25 68.56 69.89 71.24 72.61 74 75.41 76.84 78.29 79.76 81.25 82.76 84.29 85.84 87.41 89 90.61 92.24 93.89 95.56 97.25 98.96 100.69 102.44 104.21 106 107.81 109.64 111.49 113.36 115.25 117.16 119.09 121.04 123.01 
26.01 26.02 26.05 26.1 26.17 26.26 26.37 26.5 26.65 26.82 27.01 27.22 27.45 27.7 27.97 28.26 28.57 28.9 29.25 29.62 30.01 30.42 30.85 31.3 31.77 32.26 32.77 33.3 33.85 34.42 35.01 35.62 36.25 36.9 37.57 38.26 38.97 39.7 40.45 41.22 42.01 42.82 43.65 44.5 45.37 46.26 47.17 48.1 49.05 50.02 51.01 52.02 53.05 54.1 55.17 56.26 57.37 58.5 59.65 60.82 62.01 63.22 64.45 65.7 66.97 68.26 69.57 70.9 72.25 73.62 75.01 76.42 77.85 79.3 80.77 82.26 83.77 85.3 86.85 88.42 90.01 91.62 93.25 94.9 96.57 98.26 99.97 101.7 103.45 105.22 107.01 108.82 110.65 112.5 114.37 116.26 118.17 120.1 122.05 124.02 
27.04 27.05 27.08 27.13 27.2 27.29 27.4 27.53 27.68 27.85 28.04 28.25 28.48 28.73 29 29.29 29.6 29.93 30.28 30.65 31.04 31.45 31.88 32.33 32.8 33.29 33.8 34.33 34.88 35.45 36.04 36.65 37.28 37.93 38.6 39.29 40 40.73 41.48 42.25 43.04 43.85 44.68 45.53 46.4 47.29 48.2 49.13 50.08 51.05 52.04 53.05 54.08 55.13 56.2 57.29 58.4 59.53 60.68 61.85 63.04 64.25 65.48 66.73 68 69.29 70.6 71.93 73.28 74.65 76.04 77.45 78.88 80.33 81.8 83.29 84.8 86.33 87.88 89.45 91.04 92.65 94.28 95.93 97.6 99.29 101 102.73 104.48 106.25 108.04 109.85 111.68 113.53 115.4 117.29 119.2 121.13 123.08 125.05 
28.09 28.1 28.13 28.18 28.25 28.34 28.45 28.58 28.73 28.9 29.09 29.3 29.53 29.78 30.05 30.34 30.65 30.98 31.33 31.7 32.09 32.5 32.93 33.38 33.85 34.34 34.85 35.38 35.93 36.5 37.09 37.7 38.33 38.98 39.65 40.34 41.05 41.78 42.53 43.3 44.09 44.9 45.73 46.58 47.45 48.34 49.25 50.18 51.13 52.1 53.09 54.1 55.13 56.18 57.25 58.34 59.45 60.58 61.73 62.9 64.09 65.3 66.53 67.78 69.05 70.34 71.65 72.98 74.33 75.7 77.09 78.5 79.93 81.38 82.85 84.34 85.85 87.38 88.93 90.5 92.09 93.7 95.33 96.98 98.65 100.34 102.05 103.78 105.53 107.3 109.09 110.9 112.73 114.58 116.45 118.34 120.25 122.18 124.13 126.1 
29.16 29.17 29.2 29.25 29.32 29.41 29.52 29.65 29.8 29.97 30.16 30.37 30.6 30.85 31.12 31.41 31.72 32.05 32.4 32.77 33.16 33.57 34 34.45 34.92 35.41 35.92 36.45 37 37.57 38.16 38.77 39.4 40.05 40.72 41.41 42.12 42.85 43.6 44.37 45.16 45.97 46.8 47.65 48.52 49.41 50.32 51.25 52.2 53.17 54.16 55.17 56.2 57.25 58.32 59.41 60.52 61.65 62.8 63.97 65.16 66.37 67.6 68.85 70.12 71.41 72.72 74.05 75.4 76.77 78.16 79.57 81 82.45 83.92 85.41 86.92 88.45 90 91.57 93.16 94.77 96.4 98.05 99.72 101.41 103.12 104.85 106.6 108.37 110.16 111.97 113.8 115.65 117.52 119.41 121.32 123.25 125.2 127.17 
30.25 30.26 30.29 30.34 30.41 30.5 30.61 30.74 30.89 31.06 31.25 31.46 31.69 31.94 32.21 32.5 32.81 33.14 33.49 33.86 34.25 34.66 35.09 35.54 36.01 36.5 37.01 37.54 38.09 38.66 39.25 39.86 40.49 41.14 41.81 42.5 43.21 43.94 44.69 45.46 46.25 47.06 47.89 48.74 49.61 50.5 51.41 52.34 53.29 54.26 55.25 56.26 57.29 58.34 59.41 60.5 61.61 62.74 63.89 65.06 66.25 67.46 68.69 69.94 71.21 72.5 73.81 75.14 76.49 77.86 79.25 80.66 82.09 83.54 85.01 86.5 88.01 89.54 91.09 92.66 94.25 95.86 97.49 99.14 100.81 102.5 104.21 105.94 107.69 109.46 111.25 113.06 114.89 116.74 118.61 120.5 122.41 124.34 126.29 128.26 
31.36 31.37 31.4 31.45 31.52 31.61 31.72 31.85 32 32.17 32.36 32.57 32.8 33.05 33.32 33.61 33.92 34.25 34.6 34.97 35.36 35.77 36.2 36.65 37.12 37.61 38.12 38.65 39.2 39.77 40.36 40.97 41.6 42.25 42.92 43.61 44.32 45.05 45.8 46.57 47.36 48.17 49 49.85 50.72 51.61 52.52 53.45 54.4 55.37 56.36 57.37 58.4 59.45 60.52 61.61 62.72 63.85 65 66.17 67.36 68.57 69.8 71.05 72.32 73.61 74.92 76.25 77.6 78.97 80.36 81.77 83.2 84.65 86.12 87.61 89.12 90.65 92.2 93.77 95.36 96.97 98.6 100.25 101.92 103.61 105.32 107.05 108.8 110.57 112.36 114.17 116 117.85 119.72 121.61 123.52 125.45 127.4 129.37 
32.49 32.5 32.53 32.58 32.65 32.74 32.85 32.98 33.13 33.3 33.49 33.7 33.93 34.18 34.45 34.74 35.05 35.38 35.73 36.1 36.49 36.9 37.33 37.78 38.25 38.74 39.25 39.78 40.33 40.9 41.49 42.1 42.73 43.38 44.05 44.74 45.45 46.18 46.93 47.7 48.49 49.3 50.13 50.98 51.85 52.74 53.65 54.58 55.53 56.5 57.49 58.5 59.53 60.58 61.65 62.74 63.85 64.98 66.13 67.3 68.49 69.7 70.93 72.18 73.45 74.74 76.05 77.38 78.73 80.1 81.49 82.9 84.33 85.78 87.25 88.74 90.25 91.78 93.33 94.9 96.49 98.1 99.73 101.38 103.05 104.74 106.45 108.18 109.93 111.7 113.49 115.3 117.13 118.98 120.85 122.74 124.65 126.58 128.53 130.5 
33.64 33.65 33.68 33.73 33.8 33.89 34 34.13 34.28 34.45 34.64 34.85 35.08 35.33 35.6 35.89 36.2 36.53 36.88 37.25 37.64 38.05 38.48 38.93 39.4 39.89 40.4 40.93 41.48 42.05 42.64 43.25 43.88 44.53 45.2 45.89 46.6 47.33 48.08 48.85 49.64 50.45 51.28 52.13 53 53.89 54.8 55.73 56.68 57.65 58.64 59.65 60.68 61.73 62.8 63.89 65 66.13 67.28 68.45 69.64 70.85 72.08 73.33 74.6 75.89 77.2 78.53 79.88 81.25 82.64 84.05 85.48 86.93 88.4 89.89 91.4 92.93 94.48 96.05 97.64 99.25 100.88 102.53 104.2 105.89 107.6 109.33 111.08 112.85 114.64 116.45 118.28 120.13 122 123.89 125.8 127.73 129.68 131.65 
34.81 34.82 34.85 34.9 34.97 35.06 35.17 35.3 35.45 35.62 35.81 36.02 36.25 36.5 36.77 37.06 37.37 37.7 38.05 38.42 38.81 39.22 39.65 40.1 40.57 41.06 41.57 42.1 42.65 43.22 43.81 44.42 45.05 45.7 46.37 47.06 47.77 48.5 49.25 50.02 50.81 51.62 52.45 53.3 54.17 55.06 55.97 56.9 57.85 58.82 59.81 60.82 61.85 62.9 63.97 65.06 66.17 67.3 68.45 69.62 70.81 72.02 73.25 74.5 75.77 77.06 78.37 79.7 81.05 82.42 83.81 85.22 86.65 88.1 89.57 91.06 92.57 94.1 95.65 97.22 98.81 100.42 102.05 103.7 105.37 107.06 108.77 110.5 112.25 114.02 115.81 117.62 119.45 121.3 123.17 125.06 126.97 128.9 130.85 132.82 
36 36.01 36.04 36.09 36.16 36.25 36.36 36.49 36.64 36.81 37 37.21 37.44 37.69 37.96 38.25 38.56 38.89 39.24 39.61 40 40.41 40.84 41.29 41.76 42.25 42.76 43.29 43.84 44.41 45 45.61 46.24 46.89 47.56 48.25 48.96 49.69 50.44 51.21 52 52.81 53.64 54.49 55.36 56.25 57.16 58.09 59.04 60.01 61 62.01 63.04 64.09 65.16 66.25 67.36 68.49 69.64 70.81 72 73.21 74.44 75.69 76.96 78.25 79.56 80.89 82.24 83.61 85 86.41 87.84 89.29 90.76 92.25 93.76 95.29 96.84 98.41 100 101.61 103.24 104.89 106.56 108.25 109.96 111.69 113.44 115.21 117 118.81 120.64 122.49 124.36 126.25 128.16 130.09 132.04 134.01 
37.21 37.22 37.25 37.3 37.37 37.46 37.57 37.7 37.85 38.02 38.21 38.42 38.65 38.9 39.17 39.46 39.77 40.1 40.45 40.82 41.21 41.62 42.05 42.5 42.97 43.46 43.97 44.5 45.05 45.62 46.21 46.82 47.45 48.1 48.77 49.46 50.17 50.9 51.65 52.42 53.21 54.02 54.85 55.7 56.57 57.46 58.37 59.3 60.25 61.22 62.21 63.22 64.25 65.3 66.37 67.46 68.57 69.7 70.85 72.02 73.21 74.42 75.65 76.9 78.17 79.46 80.77 82.1 83.45 84.82 86.21 87.62 89.05 90.5 91.97 93.46 94.97 96.5 98.05 99.62 101.21 102.82 104.45 106.1 107.77 109.46 111.17 112.9 114.65 116.42 118.21 120.02 121.85 123.7 125.57 127.46 129.37 131.3 133.25 135.22 
38.44 38.45 38.48 38.53 38.6 38.69 38.8 38.93 39.08 39.25 39.44 39.65 39.88 40.13 40.4 40.69 41 41.33 41.68 42.05 42.44 42.85 43.28 43.73 44.2 44.69 45.2 45.73 46.28 46.85 47.44 48.05 48.68 49.33 50 50.69 51.4 52.13 52.88 53.65 54.44 55.25 56.08 56.93 57.8 58.69 59.6 60.53 61.48 62.45 63.44 64.45 65.48 66.53 67.6 68.69 69.8 70.93 72.08 73.25 74.44 75.65 76.88 78.13 79.4 80.69 82 83.33 84.68 86.05 87.44 88.85 90.28 91.73 93.2 94.69 96.2 97.73 99.28 100.85 102.44 104.05 105.68 107.33 109 110.69 112.4 114.13 115.88 117.65 119.44 121.25 123.08 124.93 126.8 128.69 130.6 132.53 134.48 136.45 
39.69 39.7 39.73 39.78 39.85 39.94 40.05 40.18 40.33 40.5 40.69 40.9 41.13 41.38 41.65 41.94 42.25 42.58 42.93 43.3 43.69 44.1 44.53 44.98 45.45 45.94 46.45 46.98 47.53 48.1 48.69 49.3 49.93 50.58 51.25 51.94 52.65 53.38 54.13 54.9 55.69 56.5 57.33 58.18 59.05 59.94 60.85 61.78 62.73 63.7 64.69 65.7 66.73 67.78 68.85 69.94 71.05 72.18 73.33 74.5 75.69 76.9 78.13 79.38 80.65 81.94 83.25 84.58 85.93 87.3 88.69 90.1 91.53 92.98 94.45 95.94 97.45 98.98 100.53 102.1 103.69 105.3 106.93 108.58 110.25 111.94 113.65 115.38 117.13 118.9 120.69 122.5 124.33 126.18 128.05 129.94 131.85 133.78 135.73 137.7 
40.96 40.97 41 41.05 41.12 41.21 41.32 41.45 41.6 41.77 41.96 42.17 42.4 42.65 42.92 43.21 43.52 43.85 44.2 44.57 44.96 45.37 45.8 46.25 46.72 47.21 47.72 48.25 48.8 49.37 49.96 50.57 51.2 51.85 52.52 53.21 53.92 54.65 55.4 56.17 56.96 57.77 58.6 59.45 60.32 61.21 62.12 63.05 64 64.97 65.96 66.97 68 69.05 70.12 71.21 72.32 73.45 74.6 75.77 76.96 78.17 79.4 80.65 81.92 83.21 84.52 85.85 87.2 88.57 89.96 91.37 92.8 94.25 95.72 97.21 98.72 100.25 101.8 103.37 104.96 106.57 108.2 109.85 111.52 113.21 114.92 116.65 118.4 120.17 121.96 123.77 125.6 127.45 129.32 131.21 133.12 135.05 137 138.97 
42.25 42.26 42.29 42.34 42.41 42.5 42.61 42.74 42.89 43.06 43.25 43.46 43.69 43.94 44.21 44.5 44.81 45.14 45.49 45.86 46.25 46.66 47.09 47.54 48.01 48.5 49.01 49.54 50.09 50.66 51.25 51.86 52.49 53.14 53.81 54.5 55.21 55.94 56.69 57.46 58.25 59.06 59.89 60.74 61.61 62.5 63.41 64.34 65.29 66.26 67.25 68.26 69.29 70.34 71.41 72.5 73.61 74.74 75.89 77.06 78.25 79.46 80.69 81.94 83.21 84.5 85.81 87.14 88.49 89.86 91.25 92.66 94.09 95.54 97.01 98.5 100.01 101.54 103.09 104.66 106.25 107.86 109.49 111.14 112.81 114.5 116.21 117.94 119.69 121.46 123.25 125.06 126.89 128.74 130.61 132.5 134.41 136.34 138.29 140.26 
43.56 43.57 43.6 43.65 43.72 43.81 43.92 44.05 44.2 44.37 44.56 44.77 45 45.25 45.52 45.81 46.12 46.45 46.8 47.17 47.56 47.97 48.4 48.85 49.32 49.81 50.32 50.85 51.4 51.97 52.56 53.17 53.8 54.45 55.12 55.81 56.52 57.25 58 58.77 59.56 60.37 61.2 62.05 62.92 63.81 64.72 65.65 66.6 67.57 68.56 69.57 70.6 71.65 72.72 73.81 74.92 76.05 77.2 78.37 79.56 80.77 82 83.25 84.52 85.81 87.12 88.45 89.8 91.17 92.56 93.97 95.4 96.85 98.32 99.81 101.32 102.85 104.4 105.97 107.56 109.17 110.8 112.45 114.12 115.81 117.52 119.25 121 122.77 124.56 126.37 128.2 130.05 131.92 133.81 135.72 137.65 139.6 141.57 
44.89 44.9 44.93 44.98 45.05 45.14 45.25 45.38 45.53 45.7 45.89 46.1 46.33 46.58 46.85 47.14 47.45 47.78 48.13 48.5 48.89 49.3 49.73 50.18 50.65 51.14 51.65 52.18 52.73 53.3 53.89 54.5 55.13 55.78 56.45 57.14 57.85 58.58 59.33 60.1 60.89 61.7 62.53 63.38 64.25 65.14 66.05 66.98 67.93 68.9 69.89 70.9 71.93 72.98 74.05 75.14 76.25 77.38 78.53 79.7 80.89 82.1 83.33 84.58 85.85 87.14 88.45 89.78 91.13 92.5 93.89 95.3 96.73 98.18 99.65 101.14 102.65 104.18 105.73 107.3 108.89 110.5 112.13 113.78 115.45 117.14 118.85 120.58 122.33 124.1 125.89 127.7 129.53 131.38 133.25 135.14 137.05 138.98 140.93 142.9 
46.24 46.25 46.28 46.33 46.4 46.49 46.6 46.73 46.88 47.05 47.24 47.45 47.68 47.93 48.2 48.49 48.8 49.13 49.48 49.85 50.24 50.65 51.08 51.53 52 52.49 53 53.53 54.08 54.65 55.24 55.85 56.48 57.13 57.8 58.49 59.2 59.93 60.68 61.45 62.24 63.05 63.88 64.73 65.6 66.49 67.4 68.33 69.28 70.25 71.24 72.25 73.28 74.33 75.4 76.49 77.6 78.73 79.88 81.05 82.24 83.45 84.68 85.93 87.2 88.49 89.8 91.13 92.48 93.85 95.24 96.65 98.08 99.53 101 102.49 104 105.53 107.08 108.65 110.24 111.85 113.48 115.13 116.8 118.49 120.2 121.93 123.68 125.45 127.24 129.05 130.88 132.73 134.6 136.49 138.4 140.33 142.28 144.25 
47.61 47.62 47.65 47.7 47.77 47.86 47.97 48.1 48.25 48.42 48.61 48.82 49.05 49.3 49.57 49.86 50.17 50.5 50.85 51.22 51.61 52.02 52.45 52.9 53.37 53.86 54.37 54.9 55.45 56.02 56.61 57.22 57.85 58.5 59.17 59.86 60.57 61.3 62.05 62.82 63.61 64.42 65.25 66.1 66.97 67.86 68.77 69.7 70.65 71.62 72.61 73.62 74.65 75.7 76.77 77.86 78.97 80.1 81.25 82.42 83.61 84.82 86.05 87.3 88.57 89.86 91.17 92.5 93.85 95.22 96.61 98.02 99.45 100.9 102.37 103.86 105.37 106.9 108.45 110.02 111.61 113.22 114.85 116.5 118.17 119.86 121.57 123.3 125.05 126.82 128.61 130.42 132.25 134.1 135.97 137.86 139.77 141.7 143.65 145.62 
49 49.01 49.04 49.09 49.16 49.25 49.36 49.49 49.64 49.81 50 50.21 50.44 50.69 50.96 51.25 51.56 51.89 52.24 52.61 53 53.41 53.84 54.29 54.76 55.25 55.76 56.29 56.84 57.41 58 58.61 59.24 59.89 60.56 61.25 61.96 62.69 63.44 64.21 65 65.81 66.64 67.49 68.36 69.25 70.16 71.09 72.04 73.01 74 75.01 76.04 77.09 78.16 79.25 80.36 81.49 82.64 83.81 85 86.21 87.44 88.69 89.96 91.25 92.56 93.89 95.24 96.61 98 99.41 100.84 102.29 103.76 105.25 106.76 108.29 109.84 111.41 113 114.61 116.24 117.89 119.56 121.25 122.96 124.69 126.44 128.21 130 131.81 133.64 135.49 137.36 139.25 141.16 143.09 145.04 147.01 
50.41 50.42 50.45 50.5 50.57 50.66 50.77 50.9 51.05 51.22 51.41 51.62 51.85 52.1 52.37 52.66 52.97 53.3 53.65 54.02 54.41 54.82 55.25 55.7 56.17 56.66 57.17 57.7 58.25 58.82 59.41 60.02 60.65 61.3 61.97 62.66 63.37 64.1 64.85 65.62 66.41 67.22 68.05 68.9 69.77 70.66 71.57 72.5 73.45 74.42 75.41 76.42 77.45 78.5 79.57 80.66 81.77 82.9 84.05 85.22 86.41 87.62 88.85 90.1 91.37 92.66 93.97 95.3 96.65 98.02 99.41 100.82 102.25 103.7 105.17 106.66 108.17 109.7 111.25 112.82 114.41 116.02 117.65 119.3 120.97 122.66 124.37 126.1 127.85 129.62 131.41 133.22 135.05 136.9 138.77 140.66 142.57 144.5 146.45 148.42 
51.84 51.85 51.88 51.93 52 52.09 52.2 52.33 52.48 52.65 52.84 53.05 53.28 53.53 53.8 54.09 54.4 54.73 55.08 55.45 55.84 56.25 56.68 57.13 57.6 58.09 58.6 59.13 59.68 60.25 60.84 61.45 62.08 62.73 63.4 64.09 64.8 65.53 66.28 67.05 67.84 68.65 69.48 70.33 71.2 72.09 73 73.93 74.88 75.85 76.84 77.85 78.88 79.93 81 82.09 83.2 84.33 85.48 86.65 87.84 89.05 90.28 91.53 92.8 94.09 95.4 96.73 98.08 99.45 100.84 102.25 103.68 105.13 106.6 108.09 109.6 111.13 112.68 114.25 115.84 117.45 119.08 120.73 122.4 124.09 125.8 127.53 129.28 131.05 132.84 134.65 136.48 138.33 140.2 142.09 144 145.93 147.88 149.85 
53.29 53.3 53.33 53.38 53.45 53.54 53.65 53.78 53.93 54.1 54.29 54.5 54.73 54.98 55.25 55.54 55.85 56.18 56.53 56.9 57.29 57.7 58.13 58.58 59.05 59.54 60.05 60.58 61.13 61.7 62.29 62.9 63.53 64.18 64.85 65.54 66.25 66.98 67.73 68.5 69.29 70.1 70.93 71.78 72.65 73.54 74.45 75.38 76.33 77.3 78.29 79.3 80.33 81.38 82.45 83.54 84.65 85.78 86.93 88.1 89.29 90.5 91.73 92.98 94.25 95.54 96.85 98.18 99.53 100.9 102.29 103.7 105.13 106.58 108.05 109.54 111.05 112.58 114.13 115.7 117.29 118.9 120.53 122.18 123.85 125.54 127.25 128.98 130.73 132.5 134.29 136.1 137.93 139.78 141.65 143.54 145.45 147.38 149.33 151.3 
54.76 54.77 54.8 54.85 54.92 55.01 55.12 55.25 55.4 55.57 55.76 55.97 56.2 56.45 56.72 57.01 57.32 57.65 58 58.37 58.76 59.17 59.6 60.05 60.52 61.01 61.52 62.05 62.6 63.17 63.76 64.37 65 65.65 66.32 67.01 67.72 68.45 69.2 69.97 70.76 71.57 72.4 73.25 74.12 75.01 75.92 76.85 77.8 78.77 79.76 80.77 81.8 82.85 83.92 85.01 86.12 87.25 88.4 89.57 90.76 91.97 93.2 94.45 95.72 97.01 98.32 99.65 101 102.37 103.76 105.17 106.6 108.05 109.52 111.01 112.52 114.05 115.6 117.17 118.76 120.37 122 123.65 125.32 127.01 128.72 130.45 132.2 133.97 135.76 137.57 139.4 141.25 143.12 145.01 146.92 148.85 150.8 152.77 
56.25 56.26 56.29 56.34 56.41 56.5 56.61 56.74 56.89 57.06 57.25 57.46 57.69 57.94 58.21 58.5 58.81 59.14 59.49 59.86 60.25 60.66 61.09 61.54 62.01 62.5 63.01 63.54 64.09 64.66 65.25 65.86 66.49 67.14 67.81 68.5 69.21 69.94 70.69 71.46 72.25 73.06 73.89 74.74 75.61 76.5 77.41 78.34 79.29 80.26 81.25 82.26 83.29 84.34 85.41 86.5 87.61 88.74 89.89 91.06 92.25 93.46 94.69 95.94 97.21 98.5 99.81 101.14 102.49 103.86 105.25 106.66 108.09 109.54 111.01 112.5 114.01 115.54 117.09 118.66 120.25 121.86 123.49 125.14 126.81 128.5 130.21 131.94 133.69 135.46 137.25 139.06 140.89 142.74 144.61 146.5 148.41 150.34 152.29 154.26 
57.76 57.77 57.8 57.85 57.92 58.01 58.12 58.25 58.4 58.57 58.76 58.97 59.2 59.45 59.72 60.01 60.32 60.65 61 61.37 61.76 62.17 62.6 63.05 63.52 64.01 64.52 65.05 65.6 66.17 66.76 67.37 68 68.65 69.32 70.01 70.72 71.45 72.2 72.97 73.76 74.57 75.4 76.25 77.12 78.01 78.92 79.85 80.8 81.77 82.76 83.77 84.8 85.85 86.92 88.01 89.12 90.25 91.4 92.57 93.76 94.97 96.2 97.45 98.72 100.01 101.32 102.65 104 105.37 106.76 108.17 109.6 111.05 112.52 114.01 115.52 117.05 118.6 120.17 121.76 123.37 125 126.65 128.32 130.01 131.72 133.45 135.2 136.97 138.76 140.57 142.4 144.25 146.12 148.01 149.92 151.85 153.8 155.77 
59.29 59.3 59.33 59.38 59.45 59.54 59.65 59.78 59.93 60.1 60.29 60.5 60.73 60.98 61.25 61.54 61.85 62.18 62.53 62.9 63.29 63.7 64.13 64.58 65.05 65.54 66.05 66.58 67.13 67.7 68.29 68.9 69.53 70.18 70.85 71.54 72.25 72.98 73.73 74.5 75.29 76.1 76.93 77.78 78.65 79.54 80.45 81.38 82.33 83.3 84.29 85.3 86.33 87.38 88.45 89.54 90.65 91.78 92.93 94.1 95.29 96.5 97.73 98.98 100.25 101.54 102.85 104.18 105.53 106.9 108.29 109.7 111.13 112.58 114.05 115.54 117.05 118.58 120.13 121.7 123.29 124.9 126.53 128.18 129.85 131.54 133.25 134.98 136.73 138.5 140.29 142.1 143.93 145.78 147.65 149.54 151.45 153.38 155.33 157.3 
60.84 60.85 60.88 60.93 61 61.09 61.2 61.33 61.48 61.65 61.84 62.05 62.28 62.53 62.8 63.09 63.4 63.73 64.08 64.45 64.84 65.25 65.68 66.13 66.6 67.09 67.6 68.13 68.68 69.25 69.84 70.45 71.08 71.73 72.4 73.09 73.8 74.53 75.28 76.05 76.84 77.65 78.48 79.33 80.2 81.09 82 82.93 83.88 84.85 85.84 86.85 87.88 88.93 90 91.09 92.2 93.33 94.48 95.65 96.84 98.05 99.28 100.53 101.8 103.09 104.4 105.73 107.08 108.45 109.84 111.25 112.68 114.13 115.6 117.09 118.6 120.13 121.68 123.25 124.84 126.45 128.08 129.73 131.4 133.09 134.8 136.53 138.28 140.05 141.84 143.65 145.48 147.33 149.2 151.09 153 154.93 156.88 158.85 
62.41 62.42 62.45 62.5 62.57 62.66 62.77 62.9 63.05 63.22 63.41 63.62 63.85 64.1 64.37 64.66 64.97 65.3 65.65 66.02 66.41 66.82 67.25 67.7 68.17 68.66 69.17 69.7 70.25 70.82 71.41 72.02 72.65 73.3 73.97 74.66 75.37 76.1 76.85 77.62 78.41 79.22 80.05 80.9 81.77 82.66 83.57 84.5 85.45 86.42 87.41 88.42 89.45 90.5 91.57 92.66 93.77 94.9 96.05 97.22 98.41 99.62 100.85 102.1 103.37 104.66 105.97 107.3 108.65 110.02 111.41 112.82 114.25 115.7 117.17 118.66 120.17 121.7 123.25 124.82 126.41 128.02 129.65 131.3 132.97 134.66 136.37 138.1 139.85 141.62 143.41 145.22 147.05 148.9 150.77 152.66 154.57 156.5 158.45 160.42 
64 64.01 64.04 64.09 64.16 64.25 64.36 64.49 64.64 64.81 65 65.21 65.44 65.69 65.96 66.25 66.56 66.89 67.24 67.61 68 68.41 68.84 69.29 69.76 70.25 70.76 71.29 71.84 72.41 73 73.61 74.24 74.89 75.56 76.25 76.96 77.69 78.44 79.21 80 80.81 81.64 82.49 83.36 84.25 85.16 86.09 87.04 88.01 89 90.01 91.04 92.09 93.16 94.25 95.36 96.49 97.64 98.81 100 101.21 102.44 103.69 104.96 106.25 107.56 108.89 110.24 111.61 113 114.41 115.84 117.29 118.76 120.25 121.76 123.29 124.84 126.41 128 129.61 131.24 132.89 134.56 136.25 137.96 139.69 141.44 143.21 145 146.81 148.64 150.49 152.36 154.25 156.16 158.09 160.04 162.01 
65.61 65.62 65.65 65.7 65.77 65.86 65.97 66.1 66.25 66.42 66.61 66.82 67.05 67.3 67.57 67.86 68.17 68.5 68.85 69.22 69.61 70.02 70.45 70.9 71.37 71.86 72.37 72.9 73.45 74.02 74.61 75.22 75.85 76.5 77.17 77.86 78.57 79.3 80.05 80.82 81.61 82.42 83.25 84.1 84.97 85.86 86.77 87.7 88.65 89.62 90.61 91.62 92.65 93.7 94.77 95.86 96.97 98.1 99.25 100.42 101.61 102.82 104.05 105.3 106.57 107.86 109.17 110.5 111.85 113.22 114.61 116.02 117.45 118.9 120.37 121.86 123.37 124.9 126.45 128.02 129.61 131.22 132.85 134.5 136.17 137.86 139.57 141.3 143.05 144.82 146.61 148.42 150.25 152.1 153.97 155.86 157.77 159.7 161.65 163.62 
67.24 67.25 67.28 67.33 67.4 67.49 67.6 67.73 67.88 68.05 68.24 68.45 68.68 68.93 69.2 69.49 69.8 70.13 70.48 70.85 71.24 71.65 72.08 72.53 73 73.49 74 74.53 75.08 75.65 76.24 76.85 77.48 78.13 78.8 79.49 80.2 80.93 81.68 82.45 83.24 84.05 84.88 85.73 86.6 87.49 88.4 89.33 90.28 91.25 92.24 93.25 94.28 95.33 96.4 97.49 98.6 99.73 100.88 102.05 103.24 104.45 105.68 106.93 108.2 109.49 110.8 112.13 113.48 114.85 116.24 117.65 119.08 120.53 122 123.49 125 126.53 128.08 129.65 131.24 132.85 134.48 136.13 137.8 139.49 141.2 142.93 144.68 146.45 148.24 150.05 151.88 153.73 155.6 157.49 159.4 161.33 163.28 165.25 
68.89 68.9 68.93 68.98 69.05 69.14 69.25 69.38 69.53 69.7 69.89 70.1 70.33 70.58 70.85 71.14 71.45 71.78 72.13 72.5 72.89 73.3 73.73 74.18 74.65 75.14 75.65 76.18 76.73 77.3 77.89 78.5 79.13 79.78 80.45 81.14 81.85 82.58 83.33 84.1 84.89 85.7 86.53 87.38 88.25 89.14 90.05 90.98 91.93 92.9 93.89 94.9 95.93 96.98 98.05 99.14 100.25 101.38 102.53 103.7 104.89 106.1 107.33 108.58 109.85 111.14 112.45 113.78 115.13 116.5 117.89 119.3 120.73 122.18 123.65 125.14 126.65 128.18 129.73 131.3 132.89 134.5 136.13 137.78 139.45 141.14 142.85 144.58 146.33 148.1 149.89 151.7 153.53 155.38 157.25 159.14 161.05 162.98 164.93 166.9 
70.56 70.57 70.6 70.65 70.72 70.81 70.92 71.05 71.2 71.37 71.56 71.77 72 72.25 72.52 72.81 73.12 73.45 73.8 74.17 74.56 74.97 75.4 75.85 76.32 76.81 77.32 77.85 78.4 78.97 79.56 80.17 80.8 81.45 82.12 82.81 83.52 84.25 85 85.77 86.56 87.37 88.2 89.05 89.92 90.81 91.72 92.65 93.6 94.57 95.56 96.57 97.6 98.65 99.72 100.81 101.92 103.05 104.2 105.37 106.56 107.77 109 110.25 111.52 112.81 114.12 115.45 116.8 118.17 119.56 120.97 122.4 123.85 125.32 126.81 128.32 129.85 131.4 132.97 134.56 136.17 137.8 139.45 141.12 142.81 144.52 146.25 148 149.77 151.56 153.37 155.2 157.05 158.92 160.81 162.72 164.65 166.6 168.57 
72.25 72.26 72.29 72.34 72.41 72.5 72.61 72.74 72.89 73.06 73.25 73.46 73.69 73.94 74.21 74.5 74.81 75.14 75.49 75.86 76.25 76.66 77.09 77.54 78.01 78.5 79.01 79.54 80.09 80.66 81.25 81.86 82.49 83.14 83.81 84.5 85.21 85.94 86.69 87.46 88.25 89.06 89.89 90.74 91.61 92.5 93.41 94.34 95.29 96.26 97.25 98.26 99.29 100.34 101.41 102.5 103.61 104.74 105.89 107.06 108.25 109.46 110.69 111.94 113.21 114.5 115.81 117.14 118.49 119.86 121.25 122.66 124.09 125.54 127.01 128.5 130.01 131.54 133.09 134.66 136.25 137.86 139.49 141.14 142.81 144.5 146.21 147.94 149.69 151.46 153.25 155.06 156.89 158.74 160.61 162.5 164.41 166.34 168.29 170.26 
73.96 73.97 74 74.05 74.12 74.21 74.32 74.45 74.6 74.77 74.96 75.17 75.4 75.65 75.92 76.21 76.52 76.85 77.2 77.57 77.96 78.37 78.8 79.25 79.72 80.21 80.72 81.25 81.8 82.37 82.96 83.57 84.2 84.85 85.52 86.21 86.92 87.65 88.4 89.17 89.96 90.77 91.6 92.45 93.32 94.21 95.12 96.05 97 97.97 98.96 99.97 101 102.05 103.12 104.21 105.32 106.45 107.6 108.77 109.96 111.17 112.4 113.65 114.92 116.21 117.52 118.85 120.2 121.57 122.96 124.37 125.8 127.25 128.72 130.21 131.72 133.25 134.8 136.37 137.96 139.57 141.2 142.85 144.52 146.21 147.92 149.65 151.4 153.17 154.96 156.77 158.6 160.45 162.32 164.21 166.12 168.05 170 171.97 
75.69 75.7 75.73 75.78 75.85 75.94 76.05 76.18 76.33 76.5 76.69 76.9 77.13 77.38 77.65 77.94 78.25 78.58 78.93 79.3 79.69 80.1 80.53 80.98 81.45 81.94 82.45 82.98 83.53 84.1 84.69 85.3 85.93 86.58 87.25 87.94 88.65 89.38 90.13 90.9 91.69 92.5 93.33 94.18 95.05 95.94 96.85 97.78 98.73 99.7 100.69 101.7 102.73 103.78 104.85 105.94 107.05 108.18 109.33 110.5 111.69 112.9 114.13 115.38 116.65 117.94 119.25 120.58 121.93 123.3 124.69 126.1 127.53 128.98 130.45 131.94 133.45 134.98 136.53 138.1 139.69 141.3 142.93 144.58 146.25 147.94 149.65 151.38 153.13 154.9 156.69 158.5 160.33 162.18 164.05 165.94 167.85 169.78 171.73 173.7 
77.44 77.45 77.48 77.53 77.6 77.69 77.8 77.93 78.08 78.25 78.44 78.65 78.88 79.13 79.4 79.69 80 80.33 80.68 81.05 81.44 81.85 82.28 82.73 83.2 83.69 84.2 84.73 85.28 85.85 86.44 87.05 87.68 88.33 89 89.69 90.4 91.13 91.88 92.65 93.44 94.25 95.08 95.93 96.8 97.69 98.6 99.53 100.48 101.45 102.44 103.45 104.48 105.53 106.6 107.69 108.8 109.93 111.08 112.25 113.44 114.65 115.88 117.13 118.4 119.69 121 122.33 123.68 125.05 126.44 127.85 129.28 130.73 132.2 133.69 135.2 136.73 138.28 139.85 141.44 143.05 144.68 146.33 148 149.69 151.4 153.13 154.88 156.65 158.44 160.25 162.08 163.93 165.8 167.69 169.6 171.53 173.48 175.45 
79.21 79.22 79.25 79.3 79.37 79.46 79.57 79.7 79.85 80.02 80.21 80.42 80.65 80.9 81.17 81.46 81.77 82.1 82.45 82.82 83.21 83.62 84.05 84.5 84.97 85.46 85.97 86.5 87.05 87.62 88.21 88.82 89.45 90.1 90.77 91.46 92.17 92.9 93.65 94.42 95.21 96.02 96.85 97.7 98.57 99.46 100.37 101.3 102.25 103.22 104.21 105.22 106.25 107.3 108.37 109.46 110.57 111.7 112.85 114.02 115.21 116.42 117.65 118.9 120.17 121.46 122.77 124.1 125.45 126.82 128.21 129.62 131.05 132.5 133.97 135.46 136.97 138.5 140.05 141.62 143.21 144.82 146.45 148.1 149.77 151.46 153.17 154.9 156.65 158.42 160.21 162.02 163.85 165.7 167.57 169.46 171.37 173.3 175.25 177.22 
81 81.01 81.04 81.09 81.16 81.25 81.36 81.49 81.64 81.81 82 82.21 82.44 82.69 82.96 83.25 83.56 83.89 84.24 84.61 85 85.41 85.84 86.29 86.76 87.25 87.76 88.29 88.84 89.41 90 90.61 91.24 91.89 92.56 93.25 93.96 94.69 95.44 96.21 97 97.81 98.64 99.49 100.36 101.25 102.16 103.09 104.04 105.01 106 107.01 108.04 109.09 110.16 111.25 112.36 113.49 114.64 115.81 117 118.21 119.44 120.69 121.96 123.25 124.56 125.89 127.24 128.61 130 131.41 132.84 134.29 135.76 137.25 138.76 140.29 141.84 143.41 145 146.61 148.24 149.89 151.56 153.25 154.96 156.69 158.44 160.21 162 163.81 165.64 167.49 169.36 171.25 173.16 175.09 177.04 179.01 
82.81 82.82 82.85 82.9 82.97 83.06 83.17 83.3 83.45 83.62 83.81 84.02 84.25 84.5 84.77 85.06 85.37 85.7 86.05 86.42 86.81 87.22 87.65 88.1 88.57 89.06 89.57 90.1 90.65 91.22 91.81 92.42 93.05 93.7 94.37 95.06 95.77 96.5 97.25 98.02 98.81 99.62 100.45 101.3 102.17 103.06 103.97 104.9 105.85 106.82 107.81 108.82 109.85 110.9 111.97 113.06 114.17 115.3 116.45 117.62 118.81 120.02 121.25 122.5 123.77 125.06 126.37 127.7 129.05 130.42 131.81 133.22 134.65 136.1 137.57 139.06 140.57 142.1 143.65 145.22 146.81 148.42 150.05 151.7 153.37 155.06 156.77 158.5 160.25 162.02 163.81 165.62 167.45 169.3 171.17 173.06 174.97 176.9 178.85 180.82 
84.64 84.65 84.68 84.73 84.8 84.89 85 85.13 85.28 85.45 85.64 85.85 86.08 86.33 86.6 86.89 87.2 87.53 87.88 88.25 88.64 89.05 89.48 89.93 90.4 90.89 91.4 91.93 92.48 93.05 93.64 94.25 94.88 95.53 96.2 96.89 97.6 98.33 99.08 99.85 100.64 101.45 102.28 103.13 104 104.89 105.8 106.73 107.68 108.65 109.64 110.65 111.68 112.73 113.8 114.89 116 117.13 118.28 119.45 120.64 121.85 123.08 124.33 125.6 126.89 128.2 129.53 130.88 132.25 133.64 135.05 136.48 137.93 139.4 140.89 142.4 143.93 145.48 147.05 148.64 150.25 151.88 153.53 155.2 156.89 158.6 160.33 162.08 163.85 165.64 167.45 169.28 171.13 173 174.89 176.8 178.73 180.68 182.65 
86.49 86.5 86.53 86.58 86.65 86.74 86.85 86.98 87.13 87.3 87.49 87.7 87.93 88.18 88.45 88.74 89.05 89.38 89.73 90.1 90.49 90.9 91.33 91.78 92.25 92.74 93.25 93.78 94.33 94.9 95.49 96.1 96.73 97.38 98.05 98.74 99.45 100.18 100.93 101.7 102.49 103.3 104.13 104.98 105.85 106.74 107.65 108.58 109.53 110.5 111.49 112.5 113.53 114.58 115.65 116.74 117.85 118.98 120.13 121.3 122.49 123.7 124.93 126.18 127.45 128.74 130.05 131.38 132.73 134.1 135.49 136.9 138.33 139.78 141.25 142.74 144.25 145.78 147.33 148.9 150.49 152.1 153.73 155.38 157.05 158.74 160.45 162.18 163.93 165.7 167.49 169.3 171.13 172.98 174.85 176.74 178.65 180.58 182.53 184.5 
88.36 88.37 88.4 88.45 88.52 88.61 88.72 88.85 89 89.17 89.36 89.57 89.8 90.05 90.32 90.61 90.92 91.25 91.6 91.97 92.36 92.77 93.2 93.65 94.12 94.61 95.12 95.65 96.2 96.77 97.36 97.97 98.6 99.25 99.92 100.61 101.32 102.05 102.8 103.57 104.36 105.17 106 106.85 107.72 108.61 109.52 110.45 111.4 112.37 113.36 114.37 115.4 116.45 117.52 118.61 119.72 120.85 122 123.17 124.36 125.57 126.8 128.05 129.32 130.61 131.92 133.25 134.6 135.97 137.36 138.77 140.2 141.65 143.12 144.61 146.12 147.65 149.2 150.77 152.36 153.97 155.6 157.25 158.92 160.61 162.32 164.05 165.8 167.57 169.36 171.17 173 174.85 176.72 178.61 180.52 182.45 184.4 186.37 
90.25 90.26 90.29 90.34 90.41 90.5 90.61 90.74 90.89 91.06 91.25 91.46 91.69 91.94 92.21 92.5 92.81 93.14 93.49 93.86 94.25 94.66 95.09 95.54 96.01 96.5 97.01 97.54 98.09 98.66 99.25 99.86 100.49 101.14 101.81 102.5 103.21 103.94 104.69 105.46 106.25 107.06 107.89 108.74 109.61 110.5 111.41 112.34 113.29 114.26 115.25 116.26 117.29 118.34 119.41 120.5 121.61 122.74 123.89 125.06 126.25 127.46 128.69 129.94 131.21 132.5 133.81 135.14 136.49 137.86 139.25 140.66 142.09 143.54 145.01 146.5 148.01 149.54 151.09 152.66 154.25 155.86 157.49 159.14 160.81 162.5 164.21 165.94 167.69 169.46 171.25 173.06 174.89 176.74 178.61 180.5 182.41 184.34 186.29 188.26 
92.16 92.17 92.2 92.25 92.32 92.41 92.52 92.65 92.8 92.97 93.16 93.37 93.6 93.85 94.12 94.41 94.72 95.05 95.4 95.77 96.16 96.57 97 97.45 97.92 98.41 98.92 99.45 100 100.57 101.16 101.77 102.4 103.05 103.72 104.41 105.12 105.85 106.6 107.37 108.16 108.97 109.8 110.65 111.52 112.41 113.32 114.25 115.2 116.17 117.16 118.17 119.2 120.25 121.32 122.41 123.52 124.65 125.8 126.97 128.16 129.37 130.6 131.85 133.12 134.41 135.72 137.05 138.4 139.77 141.16 142.57 144 145.45 146.92 148.41 149.92 151.45 153 154.57 156.16 157.77 159.4 161.05 162.72 164.41 166.12 167.85 169.6 171.37 173.16 174.97 176.8 178.65 180.52 182.41 184.32 186.25 188.2 190.17 
94.09 94.1 94.13 94.18 94.25 94.34 94.45 94.58 94.73 94.9 95.09 95.3 95.53 95.78 96.05 96.34 96.65 96.98 97.33 97.7 98.09 98.5 98.93 99.38 99.85 100.34 100.85 101.38 101.93 102.5 103.09 103.7 104.33 104.98 105.65 106.34 107.05 107.78 108.53 109.3 110.09 110.9 111.73 112.58 113.45 114.34 115.25 116.18 117.13 118.1 119.09 120.1 121.13 122.18 123.25 124.34 125.45 126.58 127.73 128.9 130.09 131.3 132.53 133.78 135.05 136.34 137.65 138.98 140.33 141.7 143.09 144.5 145.93 147.38 148.85 150.34 151.85 153.38 154.93 156.5 158.09 159.7 161.33 162.98 164.65 166.34 168.05 169.78 171.53 173.3 175.09 176.9 178.73 180.58 182.45 184.34 186.25 188.18 190.13 192.1 
96.04 96.05 96.08 96.13 96.2 96.29 96.4 96.53 96.68 96.85 97.04 97.25 97.48 97.73 98 98.29 98.6 98.93 99.28 99.65 100.04 100.45 100.88 101.33 101.8 102.29 102.8 103.33 103.88 104.45 105.04 105.65 106.28 106.93 107.6 108.29 109 109.73 110.48 111.25 112.04 112.85 113.68 114.53 115.4 116.29 117.2 118.13 119.08 120.05 121.04 122.05 123.08 124.13 125.2 126.29 127.4 128.53 129.68 130.85 132.04 133.25 134.48 135.73 137 138.29 139.6 140.93 142.28 143.65 145.04 146.45 147.88 149.33 150.8 152.29 153.8 155.33 156.88 158.45 160.04 161.65 163.28 164.93 166.6 168.29 170 171.73 173.48 175.25 177.04 178.85 180.68 182.53 184.4 186.29 188.2 190.13 192.08 194.05 
98.01 98.02 98.05 98.1 98.17 98.26 98.37 98.5 98.65 98.82 99.01 99.22 99.45 99.7 99.97 100.26 100.57 100.9 101.25 101.62 102.01 102.42 102.85 103.3 103.77 104.26 104.77 105.3 105.85 106.42 107.01 107.62 108.25 108.9 109.57 110.26 110.97 111.7 112.45 113.22 114.01 114.82 115.65 116.5 117.37 118.26 119.17 120.1 121.05 122.02 123.01 124.02 125.05 126.1 127.17 128.26 129.37 130.5 131.65 132.82 134.01 135.22 136.45 137.7 138.97 140.26 141.57 142.9 144.25 145.62 147.01 148.42 149.85 151.3 152.77 154.26 155.77 157.3 158.85 160.42 162.01 163.62 165.25 166.9 168.57 170.26 171.97 173.7 175.45 177.22 179.01 180.82 182.65 184.5 186.37 188.26 190.17 192.1 194.05 196.02 
