0  0 0 0 0 0 0 0 0 0 0 0 0 0 0 0 0 0 0 0 0 0 0 0 0 0 0 0 0 0 0 0 0 0 0 0 0 0 0 0 0 0 0 0 0 0 0 0 0 0 0 0 0 0 0 0 0 0 0 0 0 0 0 0 0 0 0 0 0 0 0 0 0 0 0 0 0 0 0 0 0 0 0 0 0 0 0 0 0 0 0 0 0 0 0 0 0 0 0 0 0
1  3.15168e-05 0 0 0 0 0 0 0 0 0 0 0 0 0 0 0 0 0 0 0 0 0 0 0 0 0 0 0 0 0 0 0 0 0 0 0 0 0 0 0 0 0 0 0 0 0 0 0 0 0 0 0 0 0 0 0 0 0 0 0 0 0 0 0 0 0 0 0 0 0 0 0 0 0 0 0 0 0 0 0 0 0 0 0 0 0 0 0 0 0 0 0 0 0 0 0 0 0 0 0
2  2.94037e-05 2.70392e-05 0 0 0 0 0 0 0 0 0 0 0 0 0 0 0 0 0 0 0 0 0 0 0 0 0 0 0 0 0 0 0 0 0 0 0 0 0 0 0 0 0 0 0 0 0 0 0 0 0 0 0 0 0 0 0 0 0 0 0 0 0 0 0 0 0 0 0 0 0 0 0 0 0 0 0 0 0 0 0 0 0 0 0 0 0 0 0 0 0 0 0 0 0 0 0 0 0 0
3  2.72907e-05 2.47987e-05 2.23028e-05 0 0 0 0 0 0 0 0 0 0 0 0 0 0 0 0 0 0 0 0 0 0 0 0 0 0 0 0 0 0 0 0 0 0 0 0 0 0 0 0 0 0 0 0 0 0 0 0 0 0 0 0 0 0 0 0 0 0 0 0 0 0 0 0 0 0 0 0 0 0 0 0 0 0 0 0 0 0 0 0 0 0 0 0 0 0 0 0 0 0 0 0 0 0 0 0 0
4  2.51777e-05 2.2557e-05 1.99309e-05 1.72994e-05 0 0 0 0 0 0 0 0 0 0 0 0 0 0 0 0 0 0 0 0 0 0 0 0 0 0 0 0 0 0 0 0 0 0 0 0 0 0 0 0 0 0 0 0 0 0 0 0 0 0 0 0 0 0 0 0 0 0 0 0 0 0 0 0 0 0 0 0 0 0 0 0 0 0 0 0 0 0 0 0 0 0 0 0 0 0 0 0 0 0 0 0 0 0 0 0
5  2.30647e-05 2.03142e-05 1.75566e-05 1.47917e-05 1.20197e-05 0 0 0 0 0 0 0 0 0 0 0 0 0 0 0 0 0 0 0 0 0 0 0 0 0 0 0 0 0 0 0 0 0 0 0 0 0 0 0 0 0 0 0 0 0 0 0 0 0 0 0 0 0 0 0 0 0 0 0 0 0 0 0 0 0 0 0 0 0 0 0 0 0 0 0 0 0 0 0 0 0 0 0 0 0 0 0 0 0 0 0 0 0 0 0
6  2.09516e-05 1.80702e-05 1.51797e-05 1.22802e-05 9.37161e-06 6.45387e-06 0 0 0 0 0 0 0 0 0 0 0 0 0 0 0 0 0 0 0 0 0 0 0 0 0 0 0 0 0 0 0 0 0 0 0 0 0 0 0 0 0 0 0 0 0 0 0 0 0 0 0 0 0 0 0 0 0 0 0 0 0 0 0 0 0 0 0 0 0 0 0 0 0 0 0 0 0 0 0 0 0 0 0 0 0 0 0 0 0 0 0 0 0 0
7  1.88386e-05 1.5825e-05 1.28004e-05 9.76475e-06 6.71797e-06 3.66001e-06 5.90813e-07 0 0 0 0 0 0 0 0 0 0 0 0 0 0 0 0 0 0 0 0 0 0 0 0 0 0 0 0 0 0 0 0 0 0 0 0 0 0 0 0 0 0 0 0 0 0 0 0 0 0 0 0 0 0 0 0 0 0 0 0 0 0 0 0 0 0 0 0 0 0 0 0 0 0 0 0 0 0 0 0 0 0 0 0 0 0 0 0 0 0 0 0 0
8  1.67256e-05 1.35787e-05 1.04186e-05 7.24534e-06 4.05877e-06 8.58821e-07 -2.35459e-06 -5.58155e-06 0 0 0 0 0 0 0 0 0 0 0 0 0 0 0 0 0 0 0 0 0 0 0 0 0 0 0 0 0 0 0 0 0 0 0 0 0 0 0 0 0 0 0 0 0 0 0 0 0 0 0 0 0 0 0 0 0 0 0 0 0 0 0 0 0 0 0 0 0 0 0 0 0 0 0 0 0 0 0 0 0 0 0 0 0 0 0 0 0 0 0 0
9  1.46126e-05 1.13312e-05 8.03433e-06 4.72197e-06 1.39399e-06 -1.94973e-06 -5.3093e-06 -8.68484e-06 -1.20765e-05 0 0 0 0 0 0 0 0 0 0 0 0 0 0 0 0 0 0 0 0 0 0 0 0 0 0 0 0 0 0 0 0 0 0 0 0 0 0 0 0 0 0 0 0 0 0 0 0 0 0 0 0 0 0 0 0 0 0 0 0 0 0 0 0 0 0 0 0 0 0 0 0 0 0 0 0 0 0 0 0 0 0 0 0 0 0 0 0 0 0 0
10  1.24996e-05 9.08248e-06 5.64755e-06 2.19465e-06 -1.27638e-06 -4.76567e-06 -8.27337e-06 -1.17996e-05 -1.53446e-05 -1.89084e-05 0 0 0 0 0 0 0 0 0 0 0 0 0 0 0 0 0 0 0 0 0 0 0 0 0 0 0 0 0 0 0 0 0 0 0 0 0 0 0 0 0 0 0 0 0 0 0 0 0 0 0 0 0 0 0 0 0 0 0 0 0 0 0 0 0 0 0 0 0 0 0 0 0 0 0 0 0 0 0 0 0 0 0 0 0 0 0 0 0 0
11  1.03865e-05 6.83262e-06 3.25828e-06 -3.36651e-07 -3.95236e-06 -7.58903e-06 -1.12468e-05 -1.4926e-05 -1.86266e-05 -2.23489e-05 -2.60932e-05 0 0 0 0 0 0 0 0 0 0 0 0 0 0 0 0 0 0 0 0 0 0 0 0 0 0 0 0 0 0 0 0 0 0 0 0 0 0 0 0 0 0 0 0 0 0 0 0 0 0 0 0 0 0 0 0 0 0 0 0 0 0 0 0 0 0 0 0 0 0 0 0 0 0 0 0 0 0 0 0 0 0 0 0 0 0 0 0 0
12  8.27352e-06 4.5816e-06 8.6652e-07 -2.87193e-06 -6.63397e-06 -1.04198e-05 -1.42297e-05 -1.80639e-05 -2.19226e-05 -2.5806e-05 -2.97144e-05 -3.36481e-05 0 0 0 0 0 0 0 0 0 0 0 0 0 0 0 0 0 0 0 0 0 0 0 0 0 0 0 0 0 0 0 0 0 0 0 0 0 0 0 0 0 0 0 0 0 0 0 0 0 0 0 0 0 0 0 0 0 0 0 0 0 0 0 0 0 0 0 0 0 0 0 0 0 0 0 0 0 0 0 0 0 0 0 0 0 0 0 0
13  6.1605e-06 2.3294e-06 -1.52775e-06 -5.4112e-06 -9.32123e-06 -1.32581e-05 -1.72221e-05 -2.12136e-05 -2.52327e-05 -2.92798e-05 -3.33552e-05 -3.74591e-05 -4.1592e-05 0 0 0 0 0 0 0 0 0 0 0 0 0 0 0 0 0 0 0 0 0 0 0 0 0 0 0 0 0 0 0 0 0 0 0 0 0 0 0 0 0 0 0 0 0 0 0 0 0 0 0 0 0 0 0 0 0 0 0 0 0 0 0 0 0 0 0 0 0 0 0 0 0 0 0 0 0 0 0 0 0 0 0 0 0 0 0
14  4.04748e-06 7.60247e-08 -3.92452e-06 -7.95447e-06 -1.20142e-05 -1.61039e-05 -2.02241e-05 -2.4375e-05 -2.85569e-05 -3.27703e-05 -3.70155e-05 -4.12929e-05 -4.56028e-05 -4.99455e-05 0 0 0 0 0 0 0 0 0 0 0 0 0 0 0 0 0 0 0 0 0 0 0 0 0 0 0 0 0 0 0 0 0 0 0 0 0 0 0 0 0 0 0 0 0 0 0 0 0 0 0 0 0 0 0 0 0 0 0 0 0 0 0 0 0 0 0 0 0 0 0 0 0 0 0 0 0 0 0 0 0 0 0 0 0 0
15  1.93446e-06 -2.17852e-06 -6.3238e-06 -1.05018e-05 -1.47128e-05 -1.89572e-05 -2.32356e-05 -2.75482e-05 -3.18954e-05 -3.62778e-05 -4.06957e-05 -4.51495e-05 -4.96398e-05 -5.41669e-05 -5.87313e-05 0 0 0 0 0 0 0 0 0 0 0 0 0 0 0 0 0 0 0 0 0 0 0 0 0 0 0 0 0 0 0 0 0 0 0 0 0 0 0 0 0 0 0 0 0 0 0 0 0 0 0 0 0 0 0 0 0 0 0 0 0 0 0 0 0 0 0 0 0 0 0 0 0 0 0 0 0 0 0 0 0 0 0 0 0
16  -1.78562e-07 -4.43425e-06 -8.72559e-06 -1.3053e-05 -1.74171e-05 -2.18181e-05 -2.62567e-05 -3.07332e-05 -3.52483e-05 -3.98023e-05 -4.43958e-05 -4.90293e-05 -5.37033e-05 -5.84183e-05 -6.3175e-05 -6.79738e-05 0 0 0 0 0 0 0 0 0 0 0 0 0 0 0 0 0 0 0 0 0 0 0 0 0 0 0 0 0 0 0 0 0 0 0 0 0 0 0 0 0 0 0 0 0 0 0 0 0 0 0 0 0 0 0 0 0 0 0 0 0 0 0 0 0 0 0 0 0 0 0 0 0 0 0 0 0 0 0 0 0 0 0 0
17  -2.29158e-06 -6.69115e-06 -1.11299e-05 -1.56084e-05 -2.01271e-05 -2.46866e-05 -2.92875e-05 -3.39303e-05 -3.86156e-05 -4.33439e-05 -4.8116e-05 -5.29323e-05 -5.77935e-05 -6.27003e-05 -6.76532e-05 -7.2653e-05 -7.77002e-05 0 0 0 0 0 0 0 0 0 0 0 0 0 0 0 0 0 0 0 0 0 0 0 0 0 0 0 0 0 0 0 0 0 0 0 0 0 0 0 0 0 0 0 0 0 0 0 0 0 0 0 0 0 0 0 0 0 0 0 0 0 0 0 0 0 0 0 0 0 0 0 0 0 0 0 0 0 0 0 0 0 0 0
18  -4.4046e-06 -8.94923e-06 -1.35367e-05 -1.81677e-05 -2.28429e-05 -2.75627e-05 -3.2328e-05 -3.71393e-05 -4.19974e-05 -4.69028e-05 -5.18564e-05 -5.68588e-05 -6.19107e-05 -6.7013e-05 -7.21662e-05 -7.73713e-05 -8.26289e-05 -8.794e-05 0 0 0 0 0 0 0 0 0 0 0 0 0 0 0 0 0 0 0 0 0 0 0 0 0 0 0 0 0 0 0 0 0 0 0 0 0 0 0 0 0 0 0 0 0 0 0 0 0 0 0 0 0 0 0 0 0 0 0 0 0 0 0 0 0 0 0 0 0 0 0 0 0 0 0 0 0 0 0 0 0 0
19  -6.51763e-06 -1.12085e-05 -1.59461e-05 -2.07312e-05 -2.55644e-05 -3.04465e-05 -3.53783e-05 -4.03605e-05 -4.53938e-05 -5.04792e-05 -5.56173e-05 -6.08091e-05 -6.60552e-05 -7.13568e-05 -7.67145e-05 -8.21293e-05 -8.76021e-05 -9.31339e-05 -9.87255e-05 0 0 0 0 0 0 0 0 0 0 0 0 0 0 0 0 0 0 0 0 0 0 0 0 0 0 0 0 0 0 0 0 0 0 0 0 0 0 0 0 0 0 0 0 0 0 0 0 0 0 0 0 0 0 0 0 0 0 0 0 0 0 0 0 0 0 0 0 0 0 0 0 0 0 0 0 0 0 0 0 0
20  -8.63065e-06 -1.34689e-05 -1.8358e-05 -2.32986e-05 -2.82917e-05 -3.3338e-05 -3.84384e-05 -4.35938e-05 -4.8805e-05 -5.4073e-05 -5.93988e-05 -6.47832e-05 -7.02273e-05 -7.5732e-05 -8.12984e-05 -8.69275e-05 -9.26203e-05 -9.8378e-05 -0.000104202 -0.000110093 0 0 0 0 0 0 0 0 0 0 0 0 0 0 0 0 0 0 0 0 0 0 0 0 0 0 0 0 0 0 0 0 0 0 0 0 0 0 0 0 0 0 0 0 0 0 0 0 0 0 0 0 0 0 0 0 0 0 0 0 0 0 0 0 0 0 0 0 0 0 0 0 0 0 0 0 0 0 0 0
21  -1.07437e-05 -1.57305e-05 -2.07724e-05 -2.58702e-05 -3.10248e-05 -3.62372e-05 -4.15083e-05 -4.68393e-05 -5.2231e-05 -5.76846e-05 -6.32011e-05 -6.87816e-05 -7.44272e-05 -8.01391e-05 -8.59184e-05 -9.17664e-05 -9.76843e-05 -0.000103673 -0.000109735 -0.00011587 -0.00012208 0 0 0 0 0 0 0 0 0 0 0 0 0 0 0 0 0 0 0 0 0 0 0 0 0 0 0 0 0 0 0 0 0 0 0 0 0 0 0 0 0 0 0 0 0 0 0 0 0 0 0 0 0 0 0 0 0 0 0 0 0 0 0 0 0 0 0 0 0 0 0 0 0 0 0 0 0 0 0
22  -1.28567e-05 -1.79933e-05 -2.31894e-05 -2.84458e-05 -3.37637e-05 -3.91441e-05 -4.45882e-05 -5.00971e-05 -5.56719e-05 -6.13139e-05 -6.70243e-05 -7.28043e-05 -7.86552e-05 -8.45783e-05 -9.05749e-05 -9.66465e-05 -0.000102795 -0.00010902 -0.000115325 -0.000121711 -0.000128179 -0.000134732 0 0 0 0 0 0 0 0 0 0 0 0 0 0 0 0 0 0 0 0 0 0 0 0 0 0 0 0 0 0 0 0 0 0 0 0 0 0 0 0 0 0 0 0 0 0 0 0 0 0 0 0 0 0 0 0 0 0 0 0 0 0 0 0 0 0 0 0 0 0 0 0 0 0 0 0 0 0
23  -1.49697e-05 -2.02573e-05 -2.56088e-05 -3.10255e-05 -3.65084e-05 -4.20588e-05 -4.7678e-05 -5.33672e-05 -5.91278e-05 -6.49612e-05 -7.08686e-05 -7.68516e-05 -8.29115e-05 -8.905e-05 -9.52684e-05 -0.000101568 -0.000107952 -0.00011442 -0.000120974 -0.000127617 -0.000134351 -0.000141176 -0.000148095 0 0 0 0 0 0 0 0 0 0 0 0 0 0 0 0 0 0 0 0 0 0 0 0 0 0 0 0 0 0 0 0 0 0 0 0 0 0 0 0 0 0 0 0 0 0 0 0 0 0 0 0 0 0 0 0 0 0 0 0 0 0 0 0 0 0 0 0 0 0 0 0 0 0 0 0 0
24  -1.70827e-05 -2.25225e-05 -2.80309e-05 -3.36093e-05 -3.9259e-05 -4.49813e-05 -5.07778e-05 -5.66498e-05 -6.25989e-05 -6.86265e-05 -7.47342e-05 -8.09237e-05 -8.71966e-05 -9.35545e-05 -9.99993e-05 -0.000106533 -0.000113156 -0.000119873 -0.000126683 -0.00013359 -0.000140595 -0.000147701 -0.000154909 -0.000162222 0 0 0 0 0 0 0 0 0 0 0 0 0 0 0 0 0 0 0 0 0 0 0 0 0 0 0 0 0 0 0 0 0 0 0 0 0 0 0 0 0 0 0 0 0 0 0 0 0 0 0 0 0 0 0 0 0 0 0 0 0 0 0 0 0 0 0 0 0 0 0 0 0 0 0 0
25  -1.91958e-05 -2.47888e-05 -3.04555e-05 -3.61972e-05 -4.20154e-05 -4.79117e-05 -5.38877e-05 -5.99449e-05 -6.60851e-05 -7.231e-05 -7.86213e-05 -8.50209e-05 -9.15106e-05 -9.80923e-05 -0.000104768 -0.00011154 -0.00011841 -0.00012538 -0.000132452 -0.00013963 -0.000146914 -0.000154308 -0.000161814 -0.000169434 -0.000177172 0 0 0 0 0 0 0 0 0 0 0 0 0 0 0 0 0 0 0 0 0 0 0 0 0 0 0 0 0 0 0 0 0 0 0 0 0 0 0 0 0 0 0 0 0 0 0 0 0 0 0 0 0 0 0 0 0 0 0 0 0 0 0 0 0 0 0 0 0 0 0 0 0 0 0
26  -2.13088e-05 -2.70564e-05 -3.28826e-05 -3.87892e-05 -4.47777e-05 -5.08499e-05 -5.70076e-05 -6.32526e-05 -6.95867e-05 -7.60119e-05 -8.25301e-05 -8.91434e-05 -9.58538e-05 -0.000102664 -0.000109575 -0.00011659 -0.000123712 -0.000130942 -0.000138283 -0.000145738 -0.000153309 -0.000160999 -0.000168812 -0.000176749 -0.000184814 -0.00019301 0 0 0 0 0 0 0 0 0 0 0 0 0 0 0 0 0 0 0 0 0 0 0 0 0 0 0 0 0 0 0 0 0 0 0 0 0 0 0 0 0 0 0 0 0 0 0 0 0 0 0 0 0 0 0 0 0 0 0 0 0 0 0 0 0 0 0 0 0 0 0 0 0 0
27  -2.34218e-05 -2.93251e-05 -3.53123e-05 -4.13853e-05 -4.7546e-05 -5.37961e-05 -6.01377e-05 -6.65729e-05 -7.31037e-05 -7.97322e-05 -8.64606e-05 -9.32913e-05 -0.000100227 -0.000107269 -0.000114421 -0.000121685 -0.000129063 -0.000136559 -0.000144176 -0.000151915 -0.000159781 -0.000167776 -0.000175904 -0.000184167 -0.00019257 -0.000201116 -0.000209809 0 0 0 0 0 0 0 0 0 0 0 0 0 0 0 0 0 0 0 0 0 0 0 0 0 0 0 0 0 0 0 0 0 0 0 0 0 0 0 0 0 0 0 0 0 0 0 0 0 0 0 0 0 0 0 0 0 0 0 0 0 0 0 0 0 0 0 0 0 0 0 0 0
28  -2.55348e-05 -3.1595e-05 -3.77446e-05 -4.39856e-05 -5.03201e-05 -5.67502e-05 -6.32781e-05 -6.99059e-05 -7.66362e-05 -8.34711e-05 -9.04132e-05 -9.74651e-05 -0.000104629 -0.000111909 -0.000119306 -0.000126824 -0.000134465 -0.000142234 -0.000150132 -0.000158163 -0.000166332 -0.00017464 -0.000183093 -0.000191693 -0.000200444 -0.000209351 -0.000218418 -0.000227648 0 0 0 0 0 0 0 0 0 0 0 0 0 0 0 0 0 0 0 0 0 0 0 0 0 0 0 0 0 0 0 0 0 0 0 0 0 0 0 0 0 0 0 0 0 0 0 0 0 0 0 0 0 0 0 0 0 0 0 0 0 0 0 0 0 0 0 0 0 0 0 0
29  -2.76478e-05 -3.38661e-05 -4.01794e-05 -4.659e-05 -5.31002e-05 -5.97123e-05 -6.64286e-05 -7.32518e-05 -8.01843e-05 -8.72288e-05 -9.4388e-05 -0.000101665 -0.000109062 -0.000116583 -0.00012423 -0.000132008 -0.000139918 -0.000147965 -0.000156153 -0.000164484 -0.000172963 -0.000181593 -0.00019038 -0.000199326 -0.000208437 -0.000217717 -0.000227171 -0.000236804 -0.00024662 0 0 0 0 0 0 0 0 0 0 0 0 0 0 0 0 0 0 0 0 0 0 0 0 0 0 0 0 0 0 0 0 0 0 0 0 0 0 0 0 0 0 0 0 0 0 0 0 0 0 0 0 0 0 0 0 0 0 0 0 0 0 0 0 0 0 0 0 0 0 0
30  -2.97609e-05 -3.61384e-05 -4.26168e-05 -4.91986e-05 -5.58863e-05 -6.26823e-05 -6.95895e-05 -7.66104e-05 -8.37481e-05 -9.10053e-05 -9.83852e-05 -0.000105891 -0.000113525 -0.000121292 -0.000129195 -0.000137237 -0.000145423 -0.000153755 -0.000162239 -0.000170877 -0.000179675 -0.000188637 -0.000197767 -0.000207071 -0.000216553 -0.000226219 -0.000236073 -0.000246122 -0.000256371 -0.000266826 0 0 0 0 0 0 0 0 0 0 0 0 0 0 0 0 0 0 0 0 0 0 0 0 0 0 0 0 0 0 0 0 0 0 0 0 0 0 0 0 0 0 0 0 0 0 0 0 0 0 0 0 0 0 0 0 0 0 0 0 0 0 0 0 0 0 0 0 0 0
31  -3.18739e-05 -3.84118e-05 -4.50568e-05 -5.18113e-05 -5.86783e-05 -6.56604e-05 -7.27607e-05 -7.99821e-05 -8.73277e-05 -9.48009e-05 -0.000102405 -0.000110143 -0.00011802 -0.000126037 -0.000134201 -0.000142514 -0.00015098 -0.000159605 -0.000168391 -0.000177345 -0.000186471 -0.000195773 -0.000205258 -0.000214929 -0.000224794 -0.000234858 -0.000245127 -0.000255606 -0.000266304 -0.000277226 -0.000288381 0 0 0 0 0 0 0 0 0 0 0 0 0 0 0 0 0 0 0 0 0 0 0 0 0 0 0 0 0 0 0 0 0 0 0 0 0 0 0 0 0 0 0 0 0 0 0 0 0 0 0 0 0 0 0 0 0 0 0 0 0 0 0 0 0 0 0 0 0
32  -3.39869e-05 -4.06865e-05 -4.74993e-05 -5.44283e-05 -6.14763e-05 -6.86466e-05 -7.59423e-05 -8.33667e-05 -9.09233e-05 -9.86157e-05 -0.000106447 -0.000114422 -0.000122545 -0.000130818 -0.000139248 -0.000147837 -0.000156591 -0.000165514 -0.000174612 -0.000183889 -0.000193351 -0.000203004 -0.000212853 -0.000222904 -0.000233164 -0.000243639 -0.000254336 -0.000265263 -0.000276426 -0.000287834 -0.000299494 -0.000311415 0 0 0 0 0 0 0 0 0 0 0 0 0 0 0 0 0 0 0 0 0 0 0 0 0 0 0 0 0 0 0 0 0 0 0 0 0 0 0 0 0 0 0 0 0 0 0 0 0 0 0 0 0 0 0 0 0 0 0 0 0 0 0 0 0 0 0 0
33  -3.60999e-05 -4.29624e-05 -4.99444e-05 -5.70494e-05 -6.42804e-05 -7.16409e-05 -7.91344e-05 -8.67645e-05 -9.4535e-05 -0.00010245 -0.000110513 -0.000118729 -0.000127101 -0.000135636 -0.000144336 -0.000153207 -0.000162255 -0.000171484 -0.000180901 -0.00019051 -0.000200317 -0.00021033 -0.000220554 -0.000230997 -0.000241665 -0.000252565 -0.000263706 -0.000275095 -0.000286741 -0.000298653 -0.00031084 -0.000323311 -0.000336076 0 0 0 0 0 0 0 0 0 0 0 0 0 0 0 0 0 0 0 0 0 0 0 0 0 0 0 0 0 0 0 0 0 0 0 0 0 0 0 0 0 0 0 0 0 0 0 0 0 0 0 0 0 0 0 0 0 0 0 0 0 0 0 0 0 0 0
34  -3.82129e-05 -4.52394e-05 -5.23922e-05 -5.96747e-05 -6.70905e-05 -7.46433e-05 -8.23369e-05 -9.01754e-05 -9.81627e-05 -0.000106303 -0.000114602 -0.000123062 -0.00013169 -0.00014049 -0.000149467 -0.000158626 -0.000167975 -0.000177517 -0.00018726 -0.000197209 -0.000207372 -0.000217755 -0.000228366 -0.000239211 -0.0002503 -0.00026164 -0.00027324 -0.000285109 -0.000297256 -0.000309692 -0.000322426 -0.00033547 -0.000348835 -0.000362533 0 0 0 0 0 0 0 0 0 0 0 0 0 0 0 0 0 0 0 0 0 0 0 0 0 0 0 0 0 0 0 0 0 0 0 0 0 0 0 0 0 0 0 0 0 0 0 0 0 0 0 0 0 0 0 0 0 0 0 0 0 0 0 0 0 0
35  -4.0326e-05 -4.75176e-05 -5.48425e-05 -6.23042e-05 -6.99066e-05 -7.76539e-05 -8.555e-05 -9.35995e-05 -0.000101807 -0.000110176 -0.000118714 -0.000127423 -0.00013631 -0.000145381 -0.00015464 -0.000164094 -0.00017375 -0.000183612 -0.00019369 -0.000203988 -0.000214516 -0.00022528 -0.000236288 -0.00024755 -0.000259073 -0.000270867 -0.000282943 -0.000295309 -0.000307976 -0.000320956 -0.000334261 -0.000347902 -0.000361893 -0.000376247 -0.000390979 0 0 0 0 0 0 0 0 0 0 0 0 0 0 0 0 0 0 0 0 0 0 0 0 0 0 0 0 0 0 0 0 0 0 0 0 0 0 0 0 0 0 0 0 0 0 0 0 0 0 0 0 0 0 0 0 0 0 0 0 0 0 0 0 0
36  -4.2439e-05 -4.97971e-05 -5.72954e-05 -6.49379e-05 -7.27289e-05 -8.06726e-05 -8.87738e-05 -9.7037e-05 -0.000105467 -0.000114069 -0.000122849 -0.000131812 -0.000140963 -0.000150309 -0.000159857 -0.000169612 -0.000179581 -0.000189772 -0.000200192 -0.000210849 -0.000221751 -0.000232907 -0.000244325 -0.000256015 -0.000267987 -0.000280251 -0.000292818 -0.0003057 -0.000318907 -0.000332453 -0.000346352 -0.000360616 -0.000375261 -0.000390302 -0.000405755 -0.000421637 0 0 0 0 0 0 0 0 0 0 0 0 0 0 0 0 0 0 0 0 0 0 0 0 0 0 0 0 0 0 0 0 0 0 0 0 0 0 0 0 0 0 0 0 0 0 0 0 0 0 0 0 0 0 0 0 0 0 0 0 0 0 0 0
37  -4.4552e-05 -5.20777e-05 -5.97509e-05 -6.75758e-05 -7.55572e-05 -8.36996e-05 -9.20081e-05 -0.000100488 -0.000109144 -0.000117982 -0.000127008 -0.000136229 -0.000145649 -0.000155276 -0.000165117 -0.000175179 -0.00018547 -0.000195996 -0.000206768 -0.000217792 -0.000229079 -0.000240638 -0.000252478 -0.00026461 -0.000277045 -0.000289795 -0.000302872 -0.000316287 -0.000330056 -0.000344191 -0.000358707 -0.000373622 -0.000388949 -0.000404709 -0.000420918 -0.000437596 -0.000454764 0 0 0 0 0 0 0 0 0 0 0 0 0 0 0 0 0 0 0 0 0 0 0 0 0 0 0 0 0 0 0 0 0 0 0 0 0 0 0 0 0 0 0 0 0 0 0 0 0 0 0 0 0 0 0 0 0 0 0 0 0 0 0
38  -4.6665e-05 -5.43595e-05 -6.22089e-05 -7.0218e-05 -7.83916e-05 -8.67349e-05 -9.52532e-05 -0.000103952 -0.000112837 -0.000121915 -0.000131192 -0.000140674 -0.000150368 -0.000160281 -0.000170422 -0.000180798 -0.000191416 -0.000202287 -0.000213418 -0.00022482 -0.000236502 -0.000248475 -0.00026075 -0.000273338 -0.000286252 -0.000299504 -0.000313108 -0.000327077 -0.000341428 -0.000356176 -0.000371337 -0.000386929 -0.00040297 -0.000419482 -0.000436483 -0.000453998 -0.000472048 -0.000490659 0 0 0 0 0 0 0 0 0 0 0 0 0 0 0 0 0 0 0 0 0 0 0 0 0 0 0 0 0 0 0 0 0 0 0 0 0 0 0 0 0 0 0 0 0 0 0 0 0 0 0 0 0 0 0 0 0 0 0 0 0 0
39  -4.8778e-05 -5.66426e-05 -6.46697e-05 -7.28644e-05 -8.12322e-05 -8.97785e-05 -9.85091e-05 -0.00010743 -0.000116548 -0.000125868 -0.000135399 -0.000145147 -0.00015512 -0.000165326 -0.000175772 -0.000186468 -0.000197422 -0.000208645 -0.000220145 -0.000231934 -0.000244022 -0.000256421 -0.000269144 -0.000282202 -0.00029561 -0.000309381 -0.000323531 -0.000338076 -0.000353031 -0.000368416 -0.000384248 -0.000400548 -0.000417336 -0.000434635 -0.000452468 -0.000470861 -0.00048984 -0.000509434 -0.000529673 0 0 0 0 0 0 0 0 0 0 0 0 0 0 0 0 0 0 0 0 0 0 0 0 0 0 0 0 0 0 0 0 0 0 0 0 0 0 0 0 0 0 0 0 0 0 0 0 0 0 0 0 0 0 0 0 0 0 0 0 0
40  -5.08911e-05 -5.89268e-05 -6.7133e-05 -7.55151e-05 -8.40789e-05 -9.28304e-05 -0.000101776 -0.000110922 -0.000120275 -0.000129842 -0.000139631 -0.00014965 -0.000159906 -0.000170409 -0.000181167 -0.00019219 -0.000203488 -0.00021507 -0.000226949 -0.000239135 -0.00025164 -0.000264478 -0.000277662 -0.000291205 -0.000305123 -0.000319432 -0.000334148 -0.000349288 -0.000364873 -0.00038092 -0.000397452 -0.000414491 -0.00043206 -0.000450184 -0.00046889 -0.000488206 -0.000508164 -0.000528795 -0.000550134 -0.000572219 0 0 0 0 0 0 0 0 0 0 0 0 0 0 0 0 0 0 0 0 0 0 0 0 0 0 0 0 0 0 0 0 0 0 0 0 0 0 0 0 0 0 0 0 0 0 0 0 0 0 0 0 0 0 0 0 0 0 0 0
41  -5.30041e-05 -6.12122e-05 -6.95989e-05 -7.81701e-05 -8.69319e-05 -9.58907e-05 -0.000105053 -0.000114427 -0.000124018 -0.000133836 -0.000143888 -0.000154181 -0.000164727 -0.000175533 -0.000186609 -0.000197966 -0.000209614 -0.000221565 -0.000233831 -0.000246425 -0.000259359 -0.000272648 -0.000286307 -0.00030035 -0.000314796 -0.00032966 -0.000344962 -0.000360722 -0.000376959 -0.000393697 -0.000410959 -0.000428769 -0.000447154 -0.000466143 -0.000485766 -0.000506054 -0.000527044 -0.00054877 -0.000571274 -0.000594597 -0.000618785 0 0 0 0 0 0 0 0 0 0 0 0 0 0 0 0 0 0 0 0 0 0 0 0 0 0 0 0 0 0 0 0 0 0 0 0 0 0 0 0 0 0 0 0 0 0 0 0 0 0 0 0 0 0 0 0 0 0 0
42  -5.51171e-05 -6.34988e-05 -7.20674e-05 -8.08293e-05 -8.9791e-05 -9.89594e-05 -0.000108342 -0.000117946 -0.000127779 -0.000137851 -0.000148169 -0.000158742 -0.000169582 -0.000180696 -0.000192097 -0.000203795 -0.000215802 -0.000228131 -0.000240794 -0.000253806 -0.000267181 -0.000280934 -0.000295082 -0.000309642 -0.000324632 -0.000340071 -0.000355981 -0.000372382 -0.000389299 -0.000406755 -0.000424778 -0.000443394 -0.000462634 -0.00048253 -0.000503115 -0.000524427 -0.000546504 -0.000569389 -0.000593126 -0.000617764 -0.000643355 -0.000669956 0 0 0 0 0 0 0 0 0 0 0 0 0 0 0 0 0 0 0 0 0 0 0 0 0 0 0 0 0 0 0 0 0 0 0 0 0 0 0 0 0 0 0 0 0 0 0 0 0 0 0 0 0 0 0 0 0 0
43  -5.72301e-05 -6.57866e-05 -7.45386e-05 -8.34928e-05 -9.26563e-05 -0.000102037 -0.000111641 -0.000121479 -0.000131558 -0.000141886 -0.000152475 -0.000163333 -0.000174471 -0.000185901 -0.000197632 -0.000209679 -0.000222053 -0.000234768 -0.000247838 -0.000261279 -0.000275107 -0.000289338 -0.00030399 -0.000319082 -0.000334635 -0.00035067 -0.000367209 -0.000384277 -0.0004019 -0.000420105 -0.000438921 -0.000458379 -0.000478514 -0.000499361 -0.000520959 -0.000543348 -0.000566573 -0.000590682 -0.000615727 -0.000641762 -0.000668848 -0.000697049 -0.000726437 0 0 0 0 0 0 0 0 0 0 0 0 0 0 0 0 0 0 0 0 0 0 0 0 0 0 0 0 0 0 0 0 0 0 0 0 0 0 0 0 0 0 0 0 0 0 0 0 0 0 0 0 0 0 0 0 0
44  -5.93432e-05 -6.80757e-05 -7.70124e-05 -8.61606e-05 -9.55279e-05 -0.000105122 -0.000114952 -0.000125026 -0.000135353 -0.000145943 -0.000156807 -0.000167954 -0.000179397 -0.000191146 -0.000203216 -0.000215618 -0.000228367 -0.000241478 -0.000254965 -0.000268847 -0.000283139 -0.000297862 -0.000313034 -0.000328676 -0.00034481 -0.000361461 -0.000378653 -0.000396413 -0.00041477 -0.000433754 -0.000453399 -0.000473738 -0.00049481 -0.000516656 -0.000539317 -0.000562842 -0.000587279 -0.000612685 -0.000639116 -0.000666637 -0.000695316 -0.000725228 -0.000756454 -0.000789083 0 0 0 0 0 0 0 0 0 0 0 0 0 0 0 0 0 0 0 0 0 0 0 0 0 0 0 0 0 0 0 0 0 0 0 0 0 0 0 0 0 0 0 0 0 0 0 0 0 0 0 0 0 0 0 0
45  -6.14562e-05 -7.03659e-05 -7.94888e-05 -8.88327e-05 -9.84057e-05 -0.000108216 -0.000118273 -0.000128587 -0.000139166 -0.000150021 -0.000161164 -0.000172605 -0.000184358 -0.000196434 -0.000208848 -0.000221613 -0.000234746 -0.000248261 -0.000262177 -0.00027651 -0.000291281 -0.000306509 -0.000322217 -0.000338426 -0.000355162 -0.00037245 -0.000390319 -0.000408798 -0.000427918 -0.000447715 -0.000468224 -0.000489485 -0.000511539 -0.000534433 -0.000558214 -0.000582935 -0.000608654 -0.000635432 -0.000663335 -0.000692437 -0.000722816 -0.000754558 -0.000787756 -0.000822515 -0.000858945 0 0 0 0 0 0 0 0 0 0 0 0 0 0 0 0 0 0 0 0 0 0 0 0 0 0 0 0 0 0 0 0 0 0 0 0 0 0 0 0 0 0 0 0 0 0 0 0 0 0 0 0 0 0 0
46  -6.35692e-05 -7.26573e-05 -8.19679e-05 -9.15091e-05 -0.00010129 -0.000111319 -0.000121606 -0.000132162 -0.000142996 -0.00015412 -0.000165546 -0.000177287 -0.000189354 -0.000201764 -0.000214529 -0.000227665 -0.00024119 -0.00025512 -0.000269474 -0.000284272 -0.000299534 -0.000315283 -0.000331542 -0.000348337 -0.000365694 -0.000383643 -0.000402213 -0.000421438 -0.000441354 -0.000461998 -0.00048341 -0.000505634 -0.000528718 -0.000552713 -0.000577672 -0.000603656 -0.00063073 -0.000658963 -0.00068843 -0.000719216 -0.00075141 -0.000785112 -0.000820429 -0.000857482 -0.0008964 -0.000937329 0 0 0 0 0 0 0 0 0 0 0 0 0 0 0 0 0 0 0 0 0 0 0 0 0 0 0 0 0 0 0 0 0 0 0 0 0 0 0 0 0 0 0 0 0 0 0 0 0 0 0 0 0 0
47  -6.56822e-05 -7.495e-05 -8.44496e-05 -9.41899e-05 -0.00010418 -0.00011443 -0.00012495 -0.000135751 -0.000146844 -0.000158241 -0.000169955 -0.000181999 -0.000194388 -0.000207136 -0.00022026 -0.000233775 -0.000247701 -0.000262055 -0.000276859 -0.000292133 -0.0003079 -0.000324185 -0.000341013 -0.000358412 -0.000376412 -0.000395044 -0.000414343 -0.000434344 -0.000455086 -0.000476613 -0.000498968 -0.000522202 -0.000546366 -0.000571517 -0.000597718 -0.000625035 -0.000653542 -0.000683318 -0.000714449 -0.00074703 -0.000781165 -0.000816968 -0.000854565 -0.000894092 -0.000935704 -0.000979568 -0.00102587 0 0 0 0 0 0 0 0 0 0 0 0 0 0 0 0 0 0 0 0 0 0 0 0 0 0 0 0 0 0 0 0 0 0 0 0 0 0 0 0 0 0 0 0 0 0 0 0 0 0 0 0 0
48  -6.77952e-05 -7.72438e-05 -8.69339e-05 -9.6875e-05 -0.000107077 -0.00011755 -0.000128305 -0.000139354 -0.00015071 -0.000162383 -0.00017439 -0.000186743 -0.000199458 -0.000212552 -0.000226041 -0.000239944 -0.000254279 -0.000269068 -0.000284333 -0.000300095 -0.000316382 -0.000333218 -0.000350633 -0.000368656 -0.000387321 -0.000406661 -0.000426715 -0.000447522 -0.000469126 -0.000491573 -0.000514914 -0.000539204 -0.000564501 -0.000590869 -0.000618378 -0.000647103 -0.000677128 -0.000708541 -0.000741443 -0.00077594 -0.000812153 -0.000850212 -0.000890263 -0.000932465 -0.000976996 -0.00102406 -0.00107387 -0.00112667 0 0 0 0 0 0 0 0 0 0 0 0 0 0 0 0 0 0 0 0 0 0 0 0 0 0 0 0 0 0 0 0 0 0 0 0 0 0 0 0 0 0 0 0 0 0 0 0 0 0 0 0
49  -6.99083e-05 -7.95388e-05 -8.94209e-05 -9.95645e-05 -0.00010998 -0.000120679 -0.000131672 -0.000142972 -0.000154593 -0.000166548 -0.000178851 -0.000191518 -0.000204566 -0.000218012 -0.000231873 -0.000246171 -0.000260926 -0.00027616 -0.000291897 -0.000308162 -0.000324982 -0.000342386 -0.000360406 -0.000379073 -0.000398425 -0.000418499 -0.000439336 -0.000460981 -0.000483482 -0.00050689 -0.000531262 -0.000556658 -0.000583144 -0.000610793 -0.000639681 -0.000669895 -0.000701527 -0.000734681 -0.000769469 -0.000806013 -0.000844452 -0.000884936 -0.000927633 -0.000972729 -0.00102043 -0.00107098 -0.00112462 -0.00118167 -0.00124244 0 0 0 0 0 0 0 0 0 0 0 0 0 0 0 0 0 0 0 0 0 0 0 0 0 0 0 0 0 0 0 0 0 0 0 0 0 0 0 0 0 0 0 0 0 0 0 0 0 0 0
50  -7.20213e-05 -8.18351e-05 -9.19106e-05 -0.000102258 -0.000112889 -0.000123816 -0.00013505 -0.000146605 -0.000158495 -0.000170734 -0.000183339 -0.000196325 -0.000209711 -0.000223515 -0.000237758 -0.000252459 -0.000267643 -0.000283332 -0.000299554 -0.000316334 -0.000333703 -0.000351692 -0.000370335 -0.000389668 -0.000409731 -0.000430564 -0.000452215 -0.000474731 -0.000498167 -0.000522578 -0.000548027 -0.000574583 -0.000602318 -0.000631314 -0.000661658 -0.000693445 -0.000726783 -0.000761788 -0.000798586 -0.00083732 -0.000878147 -0.000921241 -0.000966796 -0.00101503 -0.00106619 -0.00112054 -0.00117839 -0.0012401 -0.00130606 -0.00137674 0 0 0 0 0 0 0 0 0 0 0 0 0 0 0 0 0 0 0 0 0 0 0 0 0 0 0 0 0 0 0 0 0 0 0 0 0 0 0 0 0 0 0 0 0 0 0 0 0 0
51  -7.41343e-05 -8.41326e-05 -9.44029e-05 -0.000104956 -0.000115805 -0.000126962 -0.000138439 -0.000150252 -0.000162414 -0.000174943 -0.000187853 -0.000201164 -0.000214895 -0.000229064 -0.000243695 -0.000258809 -0.00027443 -0.000290586 -0.000307304 -0.000324614 -0.000342547 -0.000361138 -0.000380424 -0.000400445 -0.000421243 -0.000442864 -0.000465359 -0.000488782 -0.00051319 -0.000538649 -0.000565226 -0.000592997 -0.000622045 -0.00065246 -0.00068434 -0.000717794 -0.000752942 -0.000789915 -0.00082886 -0.000869938 -0.000913331 -0.000959238 -0.00100788 -0.00105952 -0.00111444 -0.00117296 -0.00123545 -0.00130231 -0.00137404 -0.00145119 -0.00153438 0 0 0 0 0 0 0 0 0 0 0 0 0 0 0 0 0 0 0 0 0 0 0 0 0 0 0 0 0 0 0 0 0 0 0 0 0 0 0 0 0 0 0 0 0 0 0 0 0
52  -7.62473e-05 -8.64312e-05 -9.68978e-05 -0.000107659 -0.000118727 -0.000130116 -0.00014184 -0.000153913 -0.000166352 -0.000179174 -0.000192395 -0.000206036 -0.000220117 -0.000234659 -0.000249685 -0.00026522 -0.00028129 -0.000297923 -0.00031515 -0.000333003 -0.000351517 -0.000370728 -0.000390677 -0.000411408 -0.000432967 -0.000455405 -0.000478777 -0.000503142 -0.000528565 -0.000555117 -0.000582875 -0.000611921 -0.000642349 -0.000674259 -0.000707763 -0.000742982 -0.000780052 -0.000819123 -0.000860362 -0.000903953 -0.000950103 -0.000999047 -0.00105104 -0.00110639 -0.00116542 -0.00122851 -0.0012961 -0.00136868 -0.00144684 -0.00153124 -0.00162265 -0.00172199 0 0 0 0 0 0 0 0 0 0 0 0 0 0 0 0 0 0 0 0 0 0 0 0 0 0 0 0 0 0 0 0 0 0 0 0 0 0 0 0 0 0 0 0 0 0 0 0
53  -7.83603e-05 -8.87311e-05 -9.93954e-05 -0.000110366 -0.000121656 -0.00013328 -0.000145252 -0.00015759 -0.000170309 -0.000183427 -0.000196964 -0.000210941 -0.000225378 -0.000240299 -0.000255729 -0.000271694 -0.000288223 -0.000305345 -0.000323094 -0.000341505 -0.000360615 -0.000380465 -0.000401098 -0.000422563 -0.000444909 -0.000468194 -0.000492477 -0.000517823 -0.000544304 -0.000571999 -0.000600992 -0.000631377 -0.000663256 -0.000696744 -0.000731963 -0.000769054 -0.000808167 -0.000849475 -0.000893166 -0.000939454 -0.000988576 -0.0010408 -0.00109643 -0.00115582 -0.00121935 -0.00128747 -0.0013607 -0.00143964 -0.00152499 -0.00161754 -0.00171827 -0.0018283 -0.00194899 0 0 0 0 0 0 0 0 0 0 0 0 0 0 0 0 0 0 0 0 0 0 0 0 0 0 0 0 0 0 0 0 0 0 0 0 0 0 0 0 0 0 0 0 0 0 0
54  -8.04734e-05 -9.10322e-05 -0.000101896 -0.000113077 -0.000124591 -0.000136452 -0.000148676 -0.000161281 -0.000174283 -0.000187703 -0.000201561 -0.000215878 -0.000230678 -0.000245986 -0.000261828 -0.000278232 -0.000295229 -0.000312853 -0.000331138 -0.000350121 -0.000369845 -0.000390352 -0.000411692 -0.000433914 -0.000457076 -0.000481239 -0.000506468 -0.000532835 -0.00056042 -0.000589309 -0.000619596 -0.000651386 -0.000684794 -0.000719945 -0.00075698 -0.000796056 -0.000837344 -0.000881039 -0.000927357 -0.000976542 -0.00102887 -0.00108465 -0.00114423 -0.00120803 -0.00127649 -0.00135016 -0.00142965 -0.00151568 -0.00160909 -0.00171087 -0.0018222 -0.0019445 -0.00207946 -0.00222916 0 0 0 0 0 0 0 0 0 0 0 0 0 0 0 0 0 0 0 0 0 0 0 0 0 0 0 0 0 0 0 0 0 0 0 0 0 0 0 0 0 0 0 0 0 0
55  -8.25864e-05 -9.33345e-05 -0.000104399 -0.000115793 -0.000127533 -0.000139633 -0.000152112 -0.000164987 -0.000178277 -0.000192003 -0.000206186 -0.000220849 -0.000236019 -0.00025172 -0.000267982 -0.000284835 -0.000302312 -0.000320448 -0.000339282 -0.000358854 -0.000379209 -0.000400394 -0.000422461 -0.000445468 -0.000469474 -0.000494547 -0.000520759 -0.00054819 -0.000576926 -0.000607064 -0.000638708 -0.000671974 -0.00070699 -0.000743899 -0.000782856 -0.000824039 -0.000867643 -0.000913889 -0.000963023 -0.00101533 -0.00107111 -0.00113075 -0.00119464 -0.00126326 -0.00133715 -0.00141695 -0.0015034 -0.00159736 -0.00169986 -0.00181211 -0.00193558 -0.00207203 -0.00222363 -0.00239304 -0.00258362 0 0 0 0 0 0 0 0 0 0 0 0 0 0 0 0 0 0 0 0 0 0 0 0 0 0 0 0 0 0 0 0 0 0 0 0 0 0 0 0 0 0 0 0 0
56  -8.46994e-05 -9.5638e-05 -0.000106904 -0.000118513 -0.000130481 -0.000142823 -0.00015556 -0.000168708 -0.000182289 -0.000196325 -0.000210838 -0.000225854 -0.000241399 -0.000257502 -0.000274192 -0.000291503 -0.000309471 -0.000328133 -0.000347529 -0.000367706 -0.00038871 -0.000410593 -0.000433412 -0.000457229 -0.000482109 -0.000508127 -0.000535361 -0.000563899 -0.000593838 -0.000625282 -0.000658348 -0.000693166 -0.000729877 -0.000768642 -0.000809636 -0.000853059 -0.000899132 -0.000948106 -0.00100026 -0.00105593 -0.00111546 -0.00117928 -0.00124787 -0.00132178 -0.00140166 -0.00148827 -0.00158248 -0.00168535 -0.00179812 -0.00192231 -0.00205974 -0.00221263 -0.00238376 -0.00257661 -0.00279557 -0.00304634 0 0 0 0 0 0 0 0 0 0 0 0 0 0 0 0 0 0 0 0 0 0 0 0 0 0 0 0 0 0 0 0 0 0 0 0 0 0 0 0 0 0 0 0
57  -8.68124e-05 -9.79428e-05 -0.000109413 -0.000121238 -0.000133435 -0.000146023 -0.000159019 -0.000172444 -0.00018632 -0.000200671 -0.000215519 -0.000230893 -0.000246821 -0.000263332 -0.000280459 -0.000298239 -0.000316708 -0.000335908 -0.000355882 -0.000376679 -0.000398351 -0.000420954 -0.000444549 -0.000469203 -0.000494988 -0.000521986 -0.000550283 -0.000579975 -0.000611169 -0.00064398 -0.000678538 -0.000714987 -0.000753487 -0.000794214 -0.000837368 -0.000883173 -0.00093188 -0.000983776 -0.00103918 -0.00109847 -0.00116206 -0.00123044 -0.00130416 -0.0013839 -0.0014704 -0.00156457 -0.00166747 -0.00178039 -0.00190485 -0.00204272 -0.0021963 -0.00236843 -0.00256268 -0.00278362 -0.00303714 -0.00333103 -0.00367578 0 0 0 0 0 0 0 0 0 0 0 0 0 0 0 0 0 0 0 0 0 0 0 0 0 0 0 0 0 0 0 0 0 0 0 0 0 0 0 0 0 0 0
58  -8.89254e-05 -0.000100249 -0.000111924 -0.000123967 -0.000136396 -0.000149231 -0.00016249 -0.000176196 -0.000190371 -0.00020504 -0.000220229 -0.000235967 -0.000252283 -0.000269211 -0.000286784 -0.000305042 -0.000324024 -0.000343775 -0.000364342 -0.000385777 -0.000408136 -0.00043148 -0.000455875 -0.000481395 -0.000508119 -0.000536134 -0.000565537 -0.000596431 -0.000628936 -0.000663178 -0.000699303 -0.000737468 -0.000777853 -0.000820657 -0.000866103 -0.000914444 -0.000965967 -0.00102099 -0.0010799 -0.0011431 -0.0012111 -0.00128444 -0.00136381 -0.00144995 -0.00154379 -0.0016464 -0.00175908 -0.00188337 -0.00202118 -0.00217483 -0.00234723 -0.00254202 -0.00276388 -0.00301887 -0.003315 -0.0036631 -0.00407819 -0.00458164 0 0 0 0 0 0 0 0 0 0 0 0 0 0 0 0 0 0 0 0 0 0 0 0 0 0 0 0 0 0 0 0 0 0 0 0 0 0 0 0 0 0
59  -9.10385e-05 -0.000102556 -0.000114437 -0.000126701 -0.000139364 -0.000152448 -0.000165973 -0.000179962 -0.00019444 -0.000209433 -0.000224968 -0.000241075 -0.000257788 -0.000275139 -0.000293168 -0.000311914 -0.000331421 -0.000351736 -0.000372911 -0.000395001 -0.000418067 -0.000442175 -0.000467397 -0.000493813 -0.000521509 -0.00055058 -0.000581132 -0.000613281 -0.000647155 -0.000682897 -0.000720666 -0.000760639 -0.000803015 -0.000848017 -0.000895897 -0.000946942 -0.00100147 -0.00105986 -0.00112254 -0.00118998 -0.00126276 -0.00134154 -0.0014271 -0.00152033 -0.00162233 -0.0017344 -0.0018581 -0.00199534 -0.00214847 -0.00232043 -0.00251491 -0.00273665 -0.00299181 -0.00328857 -0.00363799 -0.00405546 -0.00456301 -0.00519332 -0.00599704 0 0 0 0 0 0 0 0 0 0 0 0 0 0 0 0 0 0 0 0 0 0 0 0 0 0 0 0 0 0 0 0 0 0 0 0 0 0 0 0 0
60  -9.31515e-05 -0.000104864 -0.000116954 -0.000129439 -0.000142338 -0.000155674 -0.000169468 -0.000183744 -0.000198529 -0.000213849 -0.000229735 -0.000246219 -0.000263334 -0.000281118 -0.000299611 -0.000318856 -0.0003389 -0.000359793 -0.000381591 -0.000404354 -0.000428148 -0.000453043 -0.000479119 -0.000506462 -0.000535165 -0.000565333 -0.000597082 -0.000630539 -0.000665845 -0.000703157 -0.000742654 -0.00078453 -0.00082901 -0.000876342 -0.000926811 -0.000980738 -0.00103849 -0.0011005 -0.00116724 -0.00123928 -0.00131728 -0.00140201 -0.00149438 -0.00159547 -0.00170658 -0.00182927 -0.00196547 -0.00211751 -0.00228835 -0.00248169 -0.0027023 -0.00295638 -0.00325218 -0.00360088 -0.00401809 -0.00452617 -0.00515846 -0.00596683 -0.00703675 -0.00851965 0 0 0 0 0 0 0 0 0 0 0 0 0 0 0 0 0 0 0 0 0 0 0 0 0 0 0 0 0 0 0 0 0 0 0 0 0 0 0 0
61  -9.52645e-05 -0.000107174 -0.000119473 -0.000132181 -0.000145319 -0.000158909 -0.000172975 -0.000187542 -0.000202637 -0.00021829 -0.000234533 -0.000251398 -0.000268923 -0.000287148 -0.000306114 -0.000325869 -0.000346461 -0.000367947 -0.000390385 -0.00041384 -0.000438382 -0.00046409 -0.000491047 -0.000519348 -0.000549096 -0.000580404 -0.000613398 -0.000648219 -0.000685022 -0.000723982 -0.000765294 -0.000809178 -0.000855881 -0.000905684 -0.000958907 -0.00101591 -0.00107712 -0.00114302 -0.00121416 -0.00129119 -0.00137489 -0.00146615 -0.00156605 -0.00167587 -0.00179718 -0.00193187 -0.00208229 -0.00225135 -0.00244277 -0.00266128 -0.00291308 -0.0032064 -0.00355243 -0.00396677 -0.0044719 -0.00510129 -0.00590725 -0.00697619 -0.00846192 -0.0106673 -0.0142821 0 0 0 0 0 0 0 0 0 0 0 0 0 0 0 0 0 0 0 0 0 0 0 0 0 0 0 0 0 0 0 0 0 0 0 0 0 0 0
62  -9.73775e-05 -0.000109485 -0.000121995 -0.000134928 -0.000148306 -0.000162153 -0.000176494 -0.000191355 -0.000206765 -0.000222755 -0.000239359 -0.000256613 -0.000274556 -0.000293229 -0.000312678 -0.000332953 -0.000354108 -0.0003762 -0.000399294 -0.00042346 -0.000448773 -0.000475318 -0.000503186 -0.000532479 -0.00056331 -0.000595802 -0.000630093 -0.000666338 -0.000704708 -0.000745396 -0.000788618 -0.000834618 -0.000883674 -0.0009361 -0.000992256 -0.00105255 -0.00111747 -0.00118756 -0.00126346 -0.00134593 -0.00143586 -0.00153431 -0.00164255 -0.00176211 -0.00189488 -0.00204317 -0.00220987 -0.00239863 -0.00261414 -0.00286253 -0.00315194 -0.00349344 -0.00390249 -0.00440132 -0.00502317 -0.0058199 -0.00687738 -0.00834866 -0.0105357 -0.0141287 -0.0211255 -0.0407164 0 0 0 0 0 0 0 0 0 0 0 0 0 0 0 0 0 0 0 0 0 0 0 0 0 0 0 0 0 0 0 0 0 0 0 0 0 0
63  -9.94906e-05 -0.000111797 -0.000124519 -0.000137679 -0.0001513 -0.000165407 -0.000180025 -0.000195183 -0.000210912 -0.000227245 -0.000244216 -0.000261865 -0.000280232 -0.000299362 -0.000319304 -0.000340111 -0.000361841 -0.000384555 -0.000408322 -0.000433218 -0.000459325 -0.000486732 -0.000515541 -0.000545862 -0.000577815 -0.000611538 -0.00064718 -0.000684912 -0.000724922 -0.000767423 -0.000812654 -0.000860889 -0.000912436 -0.000967648 -0.00102693 -0.00109075 -0.00115965 -0.00123427 -0.00131534 -0.00140373 -0.00150049 -0.00160687 -0.00172438 -0.00185485 -0.00200055 -0.00216433 -0.00234977 -0.00256146 -0.00280541 -0.0030896 -0.00342487 -0.00382637 -0.00431587 -0.00492586 -0.00570707 -0.00674335 -0.00818402 -0.0103232 -0.0138312 -0.0206407 -0.0395533 -0.360499 0.0523427 0 0 0 0 0 0 0 0 0 0 0 0 0 0 0 0 0 0 0 0 0 0 0 0 0 0 0 0 0 0 0 0 0 0 0 0 0
64  -0.000101604 -0.00011411 -0.000127046 -0.000140435 -0.000154301 -0.00016867 -0.000183568 -0.000199028 -0.00021508 -0.000231759 -0.000249103 -0.000267153 -0.000285952 -0.000305548 -0.000325993 -0.000347344 -0.000369661 -0.000393012 -0.00041747 -0.000443117 -0.00047004 -0.000498338 -0.000528119 -0.000559503 -0.000592621 -0.000627623 -0.000664674 -0.000703959 -0.000745686 -0.00079009 -0.000837438 -0.000888032 -0.000942219 -0.00100039 -0.00106301 -0.00113061 -0.0012038 -0.00128331 -0.00136999 -0.00146486 -0.00156913 -0.00168429 -0.00181212 -0.00195484 -0.00211521 -0.00229673 -0.00250386 -0.00274245 -0.00302025 -0.00334779 -0.00373974 -0.00421717 -0.00481148 -0.00557156 -0.00657801 -0.00797379 -0.010039 -0.0134071 -0.0198792 -0.0374133 -0.261045 0.0542946 0.0249718 0.016373 0 0 0 0 0 0 0 0 0 0 0 0 0 0 0 0 0 0 0 0 0 0 0 0 0 0 0 0 0 0 0 0 0 0 0 0
65  -0.000103717 -0.000116425 -0.000129576 -0.000143196 -0.000157309 -0.000171942 -0.000187124 -0.000202888 -0.000219267 -0.000236298 -0.000254021 -0.000272478 -0.000291717 -0.000311788 -0.000332746 -0.000354651 -0.00037757 -0.000401573 -0.000426741 -0.000453159 -0.000480924 -0.000510141 -0.000540926 -0.00057341 -0.000607738 -0.00064407 -0.000682589 -0.000723496 -0.000767022 -0.000813426 -0.000863004 -0.000916092 -0.000973078 -0.00103441 -0.00110059 -0.00117224 -0.00125005 -0.00133486 -0.00142765 -0.00152961 -0.00164216 -0.00176706 -0.00190644 -0.00206297 -0.00224005 -0.00244199 -0.00267442 -0.00294482 -0.00326331 -0.00364398 -0.00410701 -0.00468236 -0.00541655 -0.00638588 -0.00772489 -0.00969483 -0.0128791 -0.0189009 -0.0346003 -0.178742 0.0586752 0.0256149 0.0165501 0.0123127 0.00985741 0 0 0 0 0 0 0 0 0 0 0 0 0 0 0 0 0 0 0 0 0 0 0 0 0 0 0 0 0 0 0 0 0 0 0
66  -0.00010583 -0.00011874 -0.000132109 -0.000145961 -0.000160323 -0.000175223 -0.000190692 -0.000206764 -0.000223475 -0.000240862 -0.000258969 -0.000277841 -0.000297527 -0.000318082 -0.000339563 -0.000362036 -0.00038557 -0.000410242 -0.000436137 -0.000463349 -0.00049198 -0.000522144 -0.000553968 -0.000587592 -0.000623174 -0.000660891 -0.00070094 -0.000743543 -0.000788955 -0.000837461 -0.00088939 -0.000945116 -0.00100507 -0.00106976 -0.00113976 -0.00121576 -0.00129856 -0.00138912 -0.00148858 -0.00159832 -0.00172002 -0.00185575 -0.0020081 -0.00218029 -0.00237649 -0.00260209 -0.00286424 -0.00317259 -0.00354054 -0.00398722 -0.00454094 -0.0052454 -0.00617184 -0.00744482 -0.0093035 -0.0122729 -0.0177729 -0.0314403 -0.123924 0.0667704 0.0267653 0.0169165 0.0124595 0.00991828 0.00827606 0.00712752 0 0 0 0 0 0 0 0 0 0 0 0 0 0 0 0 0 0 0 0 0 0 0 0 0 0 0 0 0 0 0 0 0 0
67  -0.000107943 -0.000121057 -0.000134644 -0.000148731 -0.000163344 -0.000178513 -0.000194273 -0.000210656 -0.000227702 -0.000245452 -0.000263949 -0.000283242 -0.000303383 -0.00032443 -0.000346446 -0.000369498 -0.000393661 -0.000419019 -0.000445661 -0.000473689 -0.000503211 -0.000534353 -0.00056725 -0.000602056 -0.000638941 -0.000678098 -0.000719743 -0.000764121 -0.00081151 -0.000862227 -0.000916636 -0.000975155 -0.00103827 -0.00110654 -0.00118062 -0.0012613 -0.0013495 -0.0014463 -0.00155305 -0.00167135 -0.00180319 -0.00195104 -0.00211799 -0.00230801 -0.00252623 -0.00277943 -0.00307676 -0.00343086 -0.00385969 -0.0043897 -0.00506151 -0.00594079 -0.00714122 -0.00887804 -0.0116142 -0.0165605 -0.0282093 -0.0888058 0.0818678 0.0285651 0.0174985 0.0127126 0.0100424 0.008339 0.00715779 0.00629056 0.0056268 0 0 0 0 0 0 0 0 0 0 0 0 0 0 0 0 0 0 0 0 0 0 0 0 0 0 0 0 0 0 0 0 0
68  -0.000110056 -0.000123375 -0.000137183 -0.000151505 -0.000166371 -0.000181813 -0.000197866 -0.000214565 -0.000231951 -0.000250067 -0.00026896 -0.000288681 -0.000309285 -0.000330835 -0.000353395 -0.000377039 -0.000401847 -0.000427907 -0.000455316 -0.000484182 -0.000514624 -0.000546774 -0.000580782 -0.000616811 -0.000655049 -0.000695705 -0.000739016 -0.00078525 -0.000834713 -0.000887757 -0.000944784 -0.00100626 -0.00107273 -0.00114483 -0.00122329 -0.00130901 -0.00140305 -0.00150666 -0.00162139 -0.00174914 -0.00189225 -0.00205368 -0.00223717 -0.00244758 -0.00269131 -0.00297696 -0.00331634 -0.0037262 -0.00423104 -0.00486819 -0.00569753 -0.00682144 -0.00843077 -0.0109266 -0.0153199 -0.0251013 -0.0658985 0.114268 0.0312767 0.018342 0.0130854 0.0102349 0.0084462 0.00721917 0.00632516 0.00564478 0.00510964 0.00467772 0 0 0 0 0 0 0 0 0 0 0 0 0 0 0 0 0 0 0 0 0 0 0 0 0 0 0 0 0 0 0 0
69  -0.000112169 -0.000125695 -0.000139723 -0.000154283 -0.000169406 -0.000185123 -0.000201471 -0.00021849 -0.00023622 -0.000254707 -0.000274002 -0.000294158 -0.000315235 -0.000337296 -0.000360412 -0.000384661 -0.000410128 -0.000436908 -0.000465104 -0.000494832 -0.000526221 -0.000559413 -0.000594568 -0.000631866 -0.00067151 -0.000713727 -0.000758776 -0.000806952 -0.000858594 -0.000914087 -0.000973881 -0.0010385 -0.00110854 -0.00118472 -0.00126789 -0.00135905 -0.00145942 -0.00157045 -0.00169396 -0.00183216 -0.00198784 -0.00216455 -0.00236685 -0.00260073 -0.00287422 -0.00319831 -0.00358847 -0.00406721 -0.00466854 -0.00544648 -0.00649221 -0.00797275 -0.0102305 -0.0140951 -0.0222301 -0.0504516 0.218391 0.0353983 0.019522 0.0135995 0.010504 0.00860131 0.0073134 0.00638375 0.00568112 0.0051314 0.00468957 0.00432671 0.00402339 0 0 0 0 0 0 0 0 0 0 0 0 0 0 0 0 0 0 0 0 0 0 0 0 0 0 0 0 0 0 0
70  -0.000114282 -0.000128015 -0.000142267 -0.000157067 -0.000172447 -0.000188442 -0.000205089 -0.000222431 -0.000240509 -0.000259374 -0.000279077 -0.000299675 -0.000321231 -0.000343813 -0.000367497 -0.000392364 -0.000418506 -0.000446023 -0.000475028 -0.000505643 -0.000538007 -0.000572274 -0.000608617 -0.00064723 -0.000688334 -0.000732177 -0.000779042 -0.000829253 -0.000883182 -0.000941257 -0.00100398 -0.00107192 -0.00114576 -0.00122632 -0.00131455 -0.00141159 -0.00151884 -0.00163799 -0.00177116 -0.00192096 -0.00209071 -0.00228469 -0.00250849 -0.00276954 -0.00307801 -0.00344809 -0.0039003 -0.00446537 -0.00519161 -0.00615941 -0.00751335 -0.00954212 -0.0129177 -0.0196475 -0.0396680 0.0419607 0.0211619 0.014288 0.010862 0.00880987 0.00744324 0.0064678 0.0057366 0.00516812 0.00471348 0.0043416 0.00403176 0.00376964 0.003545 0 0 0 0 0 0 0 0 0 0 0 0 0 0 0 0 0 0 0 0 0 0 0 0 0 0 0 0 0 0
71  -0.000116395 -0.000130337 -0.000144813 -0.000159855 -0.000175495 -0.00019177 -0.00020872 -0.000226388 -0.00024482 -0.000264067 -0.000284184 -0.000305232 -0.000327276 -0.000350389 -0.000374651 -0.00040015 -0.000426983 -0.000455256 -0.00048509 -0.000516618 -0.000549987 -0.000585364 -0.000622936 -0.000662913 -0.000705534 -0.000751071 -0.000799833 -0.000852176 -0.000908509 -0.000969305 -0.00103512 -0.0011066 -0.0011845 -0.00126974 -0.00136341 -0.00146682 -0.00158156 -0.00170962 -0.00185345 -0.00201615 -0.00220172 -0.00241531 -0.00266382 -0.00295655 -0.00330647 -0.00373214 -0.00426117 -0.00493637 -0.00582805 -0.00706022 -0.00887388 -0.0118078 -0.0173638 -0.0318964 -0.168611 0.053451 0.0234727 0.0152012 0.011327 0.00907985 0.00761268 0.00657945 0.00581245 0.00522052 0.00474986 0.00436666 0.00404862 0.00378043 0.00355121 0.00335304 0.00318002 0 0 0 0 0 0 0 0 0 0 0 0 0 0 0 0 0 0 0 0 0 0 0 0 0 0 0 0 0
72  -0.000118508 -0.00013266 -0.000147362 -0.000162647 -0.00017855 -0.000195108 -0.000212364 -0.000230362 -0.000249152 -0.000268786 -0.000289324 -0.000310828 -0.000333369 -0.000357023 -0.000381876 -0.000408021 -0.00043556 -0.000464609 -0.000495295 -0.000527761 -0.000562166 -0.000598689 -0.000637532 -0.000678924 -0.000723124 -0.000770427 -0.000821171 -0.000875748 -0.000934609 -0.000998277 -0.00106737 -0.0011426 -0.00122484 -0.00131511 -0.00141465 -0.00152495 -0.00164787 -0.00178571 -0.00194134 -0.00211847 -0.00232187 -0.00255785 -0.00283493 -0.00316486 -0.00356437 -0.00405805 -0.00468364 -0.00550219 -0.00661922 -0.00823442 -0.0107767 -0.0153654 -0.0261358 -0.0813591 0.0777024 0.0268398 0.0164179 0.0119252 0.00942248 0.00782728 0.00672175 0.00591042 0.00528965 0.00479935 0.00440231 0.00407422 0.00379857 0.0035637 0.0033612 0.0031848 0.00302976 0.00289243 0 0 0 0 0 0 0 0 0 0 0 0 0 0 0 0 0 0 0 0 0 0 0 0 0 0 0 0
73  -0.000120621 -0.000134984 -0.000149914 -0.000165444 -0.000181611 -0.000198455 -0.00021602 -0.000234353 -0.000253504 -0.000273532 -0.000294496 -0.000316465 -0.000339511 -0.000363717 -0.000389173 -0.000415977 -0.000444239 -0.000474083 -0.000505644 -0.000539076 -0.000574549 -0.000612256 -0.000652415 -0.000695275 -0.000741115 -0.000790259 -0.000843078 -0.000899998 -0.000961518 -0.00102822 -0.00110078 -0.00118002 -0.00126689 -0.00136255 -0.00146842 -0.00158622 -0.00171809 -0.00186669 -0.00203544 -0.00222874 -0.00245235 -0.00271402 -0.00302436 -0.00339834 -0.00385779 -0.00443578 -0.00518498 -0.00619468 -0.00762934 -0.00982877 -0.0136267 -0.0217603 -0.0515283 0.158686 0.0320414 0.0180656 0.0126954 0.00985351 0.00809463 0.00689876 0.00603287 0.00537694 0.00486287 0.00444912 0.00410894 0.0038243 0.00358264 0.0033749 0.00319441 0.00303613 0.00289621 0.00277162 0.00265998 0 0 0 0 0 0 0 0 0 0 0 0 0 0 0 0 0 0 0 0 0 0 0 0 0 0 0
74  -0.000122734 -0.00013731 -0.000152469 -0.000168246 -0.00018468 -0.000201812 -0.000219689 -0.00023836 -0.000257879 -0.000278304 -0.000299702 -0.000322142 -0.000345703 -0.000370471 -0.000396542 -0.00042402 -0.000453023 -0.000483682 -0.000516141 -0.000550566 -0.00058714 -0.000626071 -0.000667593 -0.000711975 -0.000759523 -0.000810588 -0.000865575 -0.000924954 -0.000989274 -0.00105918 -0.00113542 -0.00121892 -0.00131075 -0.00141222 -0.00152494 -0.0016509 -0.00179256 -0.00195306 -0.00213643 -0.00234792 -0.00259455 -0.00288585 -0.0032352 -0.00366184 -0.00419462 -0.00487878 -0.00578952 -0.00706173 -0.0089639 -0.0121179 -0.0183655 -0.0366385 -0.990752 0.0409094 0.0203641 0.0136964 0.0103954 0.00842514 0.00711596 0.00618294 0.00548431 0.00494162 0.00450788 0.00415329 0.00385799 0.00360826 0.0033943 0.00320895 0.00304682 0.00290381 0.00277672 0.00266304 0.00256075 0.00246822 0 0 0 0 0 0 0 0 0 0 0 0 0 0 0 0 0 0 0 0 0 0 0 0 0 0
75  -0.000124847 -0.000139637 -0.000155026 -0.000171052 -0.000187755 -0.000205179 -0.000223372 -0.000242384 -0.000262275 -0.000283104 -0.000304941 -0.000327861 -0.000351946 -0.000377286 -0.000403985 -0.000432152 -0.000461913 -0.000493407 -0.00052679 -0.000562237 -0.000599946 -0.00064014 -0.000683074 -0.000729037 -0.000778362 -0.000831431 -0.000888688 -0.000950648 -0.00101792 -0.00109121 -0.00117136 -0.0012594 -0.00135654 -0.00146427 -0.00158442 -0.00171927 -0.0018717 -0.00204537 -0.00224508 -0.00247714 -0.00275011 -0.00307585 -0.00347131 -0.00396154 -0.00458525 -0.00540556 -0.0065328 -0.00817888 -0.0108091 -0.0156824 -0.0278012 -0.110134 0.0590066 0.0237233 0.0150208 0.0110805 0.00883317 0.00738071 0.00636476 0.00561425 0.00503717 0.00457963 0.00420798 0.00390011 0.00364089 0.00341964 0.00322858 0.00306194 0.0029153 0.00278528 0.00266919 0.00256492 0.00247075 0.00238527 0.00230734 0 0 0 0 0 0 0 0 0 0 0 0 0 0 0 0 0 0 0 0 0 0 0 0 0
76  -0.00012696 -0.000141965 -0.000157586 -0.000173863 -0.000190838 -0.000208556 -0.000227067 -0.000246426 -0.000266692 -0.000287931 -0.000310214 -0.000333621 -0.000358239 -0.000384164 -0.000411502 -0.000440373 -0.00047091 -0.000503261 -0.000537593 -0.000574092 -0.000612972 -0.000654472 -0.000698867 -0.000746472 -0.000797646 -0.000852808 -0.000912442 -0.000977114 -0.00104749 -0.00112437 -0.00120868 -0.00130156 -0.0014044 -0.00151887 -0.00164708 -0.00179166 -0.00195594 -0.00214426 -0.00236231 -0.00261773 -0.00292103 -0.00328705 -0.00373752 -0.00430546 -0.0050437 -0.00604237 -0.00746876 -0.00967257 -0.0135274 -0.0219999 -0.0557785 0.114916 0.0290035 0.0168231 0.0119574 0.0093389 0.00770289 0.00658376 0.00576996 0.00515155 0.00466569 0.0042739 0.00395127 0.00368097 0.00345122 0.00325353 0.00308164 0.0029308 0.00279736 0.00267849 0.00257191 0.00247582 0.00238874 0.00230946 0.00223697 0.00217044 0 0 0 0 0 0 0 0 0 0 0 0 0 0 0 0 0 0 0 0 0 0 0 0
77  -0.000129073 -0.000144294 -0.000160149 -0.000176679 -0.000193927 -0.000211942 -0.000230775 -0.000250484 -0.000271131 -0.000292785 -0.000315522 -0.000339424 -0.000364584 -0.000391103 -0.000419095 -0.000448687 -0.000480018 -0.000513247 -0.000548553 -0.000586136 -0.000626223 -0.000669073 -0.000714983 -0.000764293 -0.000817393 -0.00087474 -0.000936863 -0.00100439 -0.00107804 -0.00115871 -0.00124744 -0.00134551 -0.00145447 -0.00157623 -0.0017132 -0.00186843 -0.00204581 -0.00225045 -0.00248917 -0.00277125 -0.00310968 -0.00352321 -0.00403999 -0.00470416 -0.00558931 -0.0068277 -0.00868349 -0.0117717 -0.0179305 -0.0362660 0.0383623 0.01938 0.0131014 0.00997127 0.00809607 0.00684714 0.00595564 0.00528734 0.00476774 0.00435218 0.00401225 0.00372904 0.00348943 0.00328408 0.00310614 0.00295045 0.00281309 0.002691 0.00258178 0.00248348 0.00239455 0.0023137 0.00223989 0.00217224 0.00211 0.00205255 0 0 0 0 0 0 0 0 0 0 0 0 0 0 0 0 0 0 0 0 0 0 0
78  -0.000131186 -0.000146624 -0.000162715 -0.000179499 -0.000197024 -0.000215338 -0.000234496 -0.00025456 -0.000275593 -0.000297668 -0.000320864 -0.000345269 -0.000370981 -0.000398107 -0.000426766 -0.000457093 -0.000489238 -0.000523368 -0.000559675 -0.000598372 -0.000639705 -0.000683951 -0.000731431 -0.000782512 -0.000837619 -0.000897249 -0.000961982 -0.0010325 -0.00110962 -0.00119431 -0.00128775 -0.00139136 -0.0015069 -0.00163655 -0.00178308 -0.00194999 -0.00214188 -0.00236479 -0.0026269 -0.00293957 -0.00331897 -0.00378903 -0.00438664 -0.00517187 -0.00624954 -0.00782036 -0.0103233 -0.0149382 -0.0262881 -0.0989257 0.0591723 0.0232395 0.014636 0.0107732 0.00857916 0.00716458 0.00617674 0.00544785 0.00488789 0.00444422 0.00408404 0.00378579 0.00353478 0.0033206 0.0031357 0.00297446 0.00283261 0.00270686 0.0025946 0.00249378 0.00240274 0.00232011 0.00224479 0.00217584 0.00211249 0.00205409 0.00200007 0.00194996 0 0 0 0 0 0 0 0 0 0 0 0 0 0 0 0 0 0 0 0 0 0
79  -0.000133299 -0.000148956 -0.000165283 -0.000182324 -0.000200127 -0.000218744 -0.000238231 -0.000258652 -0.000280076 -0.000302578 -0.000326241 -0.000351158 -0.000377431 -0.000405174 -0.000434515 -0.000465594 -0.000498571 -0.000533626 -0.000570961 -0.000610807 -0.000653425 -0.000699115 -0.000748222 -0.000801143 -0.000858342 -0.000920358 -0.000987827 -0.0010615 -0.00114228 -0.00123124 -0.00132969 -0.00143924 -0.00156187 -0.00170007 -0.00185703 -0.00203682 -0.00224482 -0.00248824 -0.00277697 -0.00312495 -0.00355251 -0.00409047 -0.00478794 -0.0057282 -0.00706474 -0.00911497 -0.0126587 -0.0202631 -0.0482699 0.143765 0.0296605 0.0167772 0.0118109 0.00917926 0.00754924 0.00644046 0.00563735 0.00502883 0.00455181 0.00416783 0.00385209 0.00358787 0.00336353 0.00317066 0.00300308 0.00285611 0.00272618 0.00261049 0.00250682 0.00241338 0.00232873 0.00225169 0.00218128 0.00211667 0.00205718 0.00200222 0.0019513 0.00190398 0.00185989 0 0 0 0 0 0 0 0 0 0 0 0 0 0 0 0 0 0 0 0 0
80  -0.000135412 -0.000151289 -0.000167855 -0.000185154 -0.000203237 -0.000222159 -0.000241979 -0.000262763 -0.000284582 -0.000307516 -0.000331653 -0.00035709 -0.000383935 -0.000412308 -0.000442343 -0.000474191 -0.000508021 -0.000544024 -0.000582417 -0.000623444 -0.000667389 -0.000714572 -0.000765365 -0.0008202 -0.000879579 -0.000944091 -0.00101443 -0.00109143 -0.00117607 -0.00126956 -0.00137336 -0.00148928 -0.00161956 -0.00176706 -0.00193542 -0.00212942 -0.00235539 -0.00262195 -0.00294109 -0.00333011 -0.00381475 -0.00443521 -0.00525791 -0.00640097 -0.00809675 -0.010874 -0.0162515 -0.0310953 -0.264034 0.0423139 0.0199407 0.0131919 0.00993638 0.00801952 0.00675644 0.00586139 0.00519399 0.00467717 0.00426514 0.00392897 0.00364946 0.00341341 0.00321142 0.0030366 0.00288383 0.00274917 0.00262959 0.00252268 0.00242654 0.00233962 0.00226065 0.00218858 0.00212256 0.00206185 0.00200583 0.00195398 0.00190585 0.00186106 0.00181927 0.00178018 0 0 0 0 0 0 0 0 0 0 0 0 0 0 0 0 0 0 0 0
81  -0.000137525 -0.000153623 -0.000170429 -0.000187988 -0.000206355 -0.000225585 -0.00024574 -0.00026689 -0.00028911 -0.000312483 -0.000337101 -0.000363066 -0.000390493 -0.000419507 -0.000450252 -0.000482886 -0.000517589 -0.000554565 -0.000594044 -0.000636289 -0.000681603 -0.00073033 -0.000782874 -0.000839699 -0.000901351 -0.000968474 -0.00104183 -0.00112233 -0.00121106 -0.00130937 -0.00141888 -0.00154164 -0.00168019 -0.0018378 -0.00201868 -0.00222841 -0.00247448 -0.00276724 -0.00312136 -0.0035584 -0.00411133 -0.0048333 -0.00581583 -0.00723101 -0.00944532 -0.0134019 -0.0224907 -0.065127 0.0783602 0.0250403 0.0151025 0.0109122 0.0086017 0.00713783 0.00612731 0.00538777 0.0048231 0.00437784 0.00401773 0.00372047 0.00347093 0.00325848 0.00307542 0.00291604 0.00277603 0.00265206 0.00254152 0.00244234 0.00235286 0.00227172 0.0021978 0.00213019 0.00206811 0.0020109 0.00195802 0.00190899 0.0018634 0.00182091 0.00178121 0.00174403 0.00170915 0 0 0 0 0 0 0 0 0 0 0 0 0 0 0 0 0 0 0
82  -0.000139638 -0.000155959 -0.000173005 -0.000190828 -0.000209479 -0.00022902 -0.000249515 -0.000271036 -0.000293661 -0.000317479 -0.000342585 -0.000369087 -0.000397106 -0.000426774 -0.000458243 -0.00049168 -0.000527278 -0.000565252 -0.000605848 -0.000649347 -0.000696074 -0.0007464 -0.000800758 -0.000859654 -0.000923679 -0.000993534 -0.00107005 -0.00115424 -0.00124731 -0.00135074 -0.00146636 -0.00159647 -0.00174398 -0.00191261 -0.00210727 -0.00233446 -0.00260311 -0.0029257 -0.00332027 -0.00381396 -0.00444947 -0.00529816 -0.00648892 -0.00828077 -0.0112825 -0.0173439 -0.03600620 0.034551 0.0178966 0.0122065 0.00933472 0.00760301 0.00644492 0.00561592 0.00499319 0.00450827 0.00411997 0.00380202 0.0035369 0.00331244 0.00311997 0.00295309 0.00280703 0.00267811 0.00256348 0.0024609 0.00236855 0.00228499 0.002209 0.00213962 0.002076 0.00201747 0.00196344 0.0019134 0.00186693 0.00182366 0.00178327 0.00174549 0.00171006 0.00167678 0.00164545 0 0 0 0 0 0 0 0 0 0 0 0 0 0 0 0 0 0
83  -0.000141751 -0.000158295 -0.000175585 -0.000193671 -0.000212611 -0.000232466 -0.000253303 -0.000275199 -0.000298235 -0.000322503 -0.000348105 -0.000375153 -0.000403774 -0.000434109 -0.000466317 -0.000500576 -0.000537089 -0.000576087 -0.000617832 -0.000662624 -0.000710809 -0.00076279 -0.000819032 -0.000880081 -0.000946583 -0.0010193 -0.00109915 -0.00118723 -0.00128489 -0.00139377 -0.00151594 -0.00165397 -0.00181119 -0.00199187 -0.0022017 -0.00244836 -0.00274248 -0.00309919 -0.00354087 -0.00410199 -0.00483856 -0.00584812 -0.00731697 -0.00965079 -0.0139325 -0.0243473 -0.0873271 0.0583264 0.0223373 0.0139924 0.0102787 0.00817836 0.00682764 0.005886 0.00519204 0.00465939 0.00423767 0.00389549 0.00361229 0.00337403 0.0031708 0.0029954 0.00284248 0.00270798 0.00258876 0.00248236 0.00238682 0.00230054 0.00222226 0.0021509 0.00208559 0.00202559 0.00197027 0.00191911 0.00187166 0.00182753 0.00178638 0.00174792 0.00171189 0.00167807 0.00164627 0.0016163 0.00158802 0 0 0 0 0 0 0 0 0 0 0 0 0 0 0 0 0
84  -0.000143864 -0.000160633 -0.000178167 -0.00019652 -0.00021575 -0.000235921 -0.000257105 -0.00027938 -0.000302832 -0.000327557 -0.000353662 -0.000381264 -0.000410499 -0.000441513 -0.000474475 -0.000509575 -0.000547026 -0.000587075 -0.00063 -0.000676124 -0.000725816 -0.00077951 -0.000837706 -0.000900998 -0.000970085 -0.0010458 -0.00112915 -0.00122134 -0.00132387 -0.00143857 -0.00156775 -0.00171433 -0.00188209 -0.00207597 -0.0023026 -0.00257102 -0.00289397 -0.00328996 -0.00378692 -0.0044291 -0.00529107 -0.00650892 -0.00836043 -0.011514 -0.0180881 -0.040242 0.221494 0.0304285 0.0165976 0.0115314 0.0089031 0.00729432 0.00620821 0.00542565 0.00483498 0.00437334 0.0040026 0.00369833 0.00344412 0.00322856 0.00304345 0.00288276 0.00274197 0.00261759 0.00250692 0.0024078 0.00231851 0.00223766 0.00216412 0.00209692 0.00203529 0.00197856 0.00192616 0.00187763 0.00183254 0.00179054 0.00175133 0.00171464 0.00168023 0.0016479 0.00161745 0.00158875 0.00156162 0.00153596 0 0 0 0 0 0 0 0 0 0 0 0 0 0 0 0
85  -0.000145977 -0.000162972 -0.000180753 -0.000199373 -0.000218896 -0.000239387 -0.000260921 -0.000283579 -0.000307452 -0.00033264 -0.000359255 -0.000387422 -0.00041728 -0.000448987 -0.000482719 -0.000518678 -0.000557091 -0.000598218 -0.000642357 -0.000689853 -0.000741102 -0.000796569 -0.000856796 -0.000922423 -0.000994211 -0.00107307 -0.0011601 -0.00125664 -0.00136433 -0.00148524 -0.00162195 -0.00177777 -0.00195701 -0.00216539 -0.00241063 -0.00270347 -0.00305926 -0.00350074 -0.00406309 -0.00480383 -0.00582386 -0.00731781 -0.00971593 -0.0141952 -0.0255415 -0.111391 0.0496612 0.0207277 0.0132629 0.00983816 0.00787217 0.00659655 0.00570197 0.00503989 0.0045301 0.00412546 0.00379649 0.00352378 0.00329403 0.00309783 0.00292833 0.00278043 0.00265025 0.00253478 0.00243167 0.00233902 0.00225533 0.00217935 0.00211007 0.00204664 0.00198834 0.00193458 0.00188485 0.00183871 0.00179579 0.00175576 0.00171833 0.00168327 0.00165035 0.00161939 0.00159021 0.00156266 0.00153662 0.00151196 0.00148857 0 0 0 0 0 0 0 0 0 0 0 0 0 0 0
86  -0.00014809 -0.000165313 -0.000183341 -0.000202231 -0.000222049 -0.000242863 -0.00026475 -0.000287796 -0.000312096 -0.000337753 -0.000364886 -0.000393626 -0.00042412 -0.000456532 -0.000491051 -0.000527888 -0.000567286 -0.000609519 -0.000654908 -0.000703818 -0.000756675 -0.000813979 -0.000876314 -0.000944374 -0.00101899 -0.00110114 -0.00119205 -0.00129318 -0.00140637 -0.00153391 -0.0016787 -0.00184452 -0.00203629 -0.00226063 -0.00252659 -0.00284696 -0.00324032 -0.00373483 -0.00437526 -0.00523738 -0.00646038 -0.00833086 -0.0115481 -0.0183846 -0.0428007 0.152538 0.0282289 0.0157985 0.0110835 0.00860195 0.00707079 0.00603178 0.0052805 0.00471197 0.00426673 0.0039086 0.0036143 0.00336815 0.00315924 0.00297971 0.00282376 0.00268705 0.0025662 0.00245862 0.00236224 0.00227539 0.00219672 0.00212513 0.00205971 0.00199969 0.00194443 0.00189338 0.00184608 0.00180214 0.0017612 0.00172298 0.0016872 0.00165364 0.0016221 0.00159241 0.0015644 0.00153794 0.0015129 0.00148916 0.00146664 0.00144524 0 0 0 0 0 0 0 0 0 0 0 0 0 0
87  -0.000150203 -0.000167654 -0.000185931 -0.000205094 -0.000225209 -0.000246349 -0.000268593 -0.000292032 -0.000316763 -0.000342896 -0.000370555 -0.000399878 -0.000431018 -0.00046415 -0.000499471 -0.000537207 -0.000577613 -0.000620983 -0.000667656 -0.000718024 -0.000772543 -0.00083175 -0.000896276 -0.000966871 -0.00104443 -0.00113005 -0.00122504 -0.00133104 -0.00145007 -0.0015847 -0.00173821 -0.00191486 -0.00212033 -0.00236228 -0.00265138 -0.0030029 -0.00343951 -0.00399633 -0.00473097 -0.00574478 -0.0072342 -0.00963652 -0.0141619 -0.0258527 -0.126413 0.0459549 0.0198451 0.0128151 0.00954762 0.00765971 0.00642997 0.0055653 0.00492415 0.00442977 0.00403694 0.00371728 0.00345209 0.00322854 0.00303754 0.00287246 0.00272836 0.00260148 0.00248891 0.00238836 0.00229799 0.00221634 0.0021422 0.00207458 0.00201266 0.00195575 0.00190326 0.00185469 0.00180963 0.0017677 0.0017286 0.00169203 0.00165778 0.00162561 0.00159535 0.00156684 0.00153992 0.00151446 0.00149036 0.0014675 0.00144579 0.00142514 0.00140549 0 0 0 0 0 0 0 0 0 0 0 0 0
88  -0.000152316 -0.000169997 -0.000188525 -0.000207962 -0.000228377 -0.000249845 -0.00027245 -0.000296285 -0.000321453 -0.00034807 -0.000376263 -0.000406177 -0.000437975 -0.00047184 -0.000507981 -0.000546636 -0.000588076 -0.000632612 -0.000680607 -0.000732478 -0.000788715 -0.000849894 -0.000916697 -0.000989934 -0.00107058 -0.00115983 -0.00125913 -0.00137028 -0.00149553 -0.00163776 -0.00180066 -0.00198909 -0.00220956 -0.00247102 -0.00278605 -0.00317301 -0.00365969 -0.00429037 -0.00514002 -0.00634666 -0.00819512 -0.011383 -0.0181932 -0.0429223 0.138521 0.0272873 0.0153744 0.0108154 0.00840692 0.00691773 0.00590585 0.0051735 0.00461891 0.00418436 0.00383469 0.00354723 0.00330675 0.00310259 0.00292711 0.00277465 0.00264098 0.0025228 0.00241759 0.00232332 0.00223836 0.0021614 0.00209136 0.00202734 0.00196861 0.00191454 0.00186458 0.0018183 0.00177529 0.00173522 0.0016978 0.00166278 0.00162993 0.00159906 0.00156999 0.00154257 0.00151666 0.00149215 0.00146892 0.00144687 0.00142591 0.00140598 0.00138699 0.00136887 0 0 0 0 0 0 0 0 0 0 0 0
89  -0.000154429 -0.000172341 -0.000191122 -0.000210835 -0.000231552 -0.000253351 -0.000276321 -0.000300557 -0.000326168 -0.000353273 -0.000382008 -0.000412524 -0.000444992 -0.000479605 -0.000516583 -0.000556178 -0.000598676 -0.00064441 -0.000693764 -0.000747186 -0.000805199 -0.000868423 -0.000937592 -0.00101359 -0.00109747 -0.00119053 -0.00129438 -0.00141099 -0.00154287 -0.00169324 -0.00186628 -0.00206753 -0.00230449 -0.00258761 -0.00293182 -0.00335929 -0.00390439 -0.0046234 -0.00561537 -0.00707213 -0.0094203 -0.0138388 -0.0252241 -0.12144 0.0453819 0.0195215 0.0125955 0.00938166 0.00752626 0.00631829 0.00546922 0.00483978 0.00435452 0.00396899 0.00365531 0.0033951 0.00317577 0.00298839 0.00282644 0.00268509 0.00256063 0.00245021 0.00235158 0.00226294 0.00218286 0.00211015 0.00204383 0.0019831 0.00192729 0.00187581 0.00182818 0.00178399 0.00174288 0.00170453 0.00166867 0.00163508 0.00160354 0.00157387 0.00154591 0.00151951 0.00149455 0.00147091 0.0014485 0.00142721 0.00140697 0.00138769 0.00136932 0.00135179 0.00133505 0 0 0 0 0 0 0 0 0 0 0
90  -0.000156542 -0.000174687 -0.000193721 -0.000213712 -0.000234734 -0.000256868 -0.000280206 -0.000304848 -0.000330907 -0.000358508 -0.000387793 -0.00041892 -0.00045207 -0.000487445 -0.000525278 -0.000565834 -0.000609417 -0.000656381 -0.000707135 -0.000762155 -0.000822005 -0.000887348 -0.000958978 -0.00103785 -0.00112511 -0.00122219 -0.00133084 -0.00145324 -0.0015922 -0.00175132 -0.00193533 -0.00215055 -0.00240568 -0.00271294 -0.00309013 -0.00356419 -0.00417793 -0.00500375 -0.00617456 -0.00796358 -0.0110361 -0.0175462 -0.0405863 0.15339 0.0273619 0.015266 0.010701 0.00830342 0.00682582 0.00582392 0.00509985 0.00455211 0.00412329 0.00377845 0.00349512 0.0032582 0.00305713 0.00288436 0.00273431 0.00260276 0.0024865 0.00238301 0.00229029 0.00220675 0.00213108 0.00206223 0.00199931 0.00194158 0.00188844 0.00183935 0.00179387 0.00175161 0.00171224 0.00167549 0.00164108 0.00160881 0.00157849 0.00154994 0.00152301 0.00149757 0.00147349 0.00145068 0.00142902 0.00140845 0.00138887 0.00137023 0.00135244 0.00133546 0.00131923 0.0013037 0 0 0 0 0 0 0 0 0 0
91  -0.000158655 -0.000177033 -0.000196323 -0.000216594 -0.000237923 -0.000260395 -0.000284105 -0.000309157 -0.00033567 -0.000363774 -0.000393617 -0.000425366 -0.000459209 -0.000495361 -0.000534067 -0.000575606 -0.000620302 -0.000668529 -0.000720722 -0.000777393 -0.000839141 -0.000906683 -0.000980874 -0.00106275 -0.00115356 -0.00125486 -0.00136857 -0.00149713 -0.00164365 -0.00181218 -0.00200807 -0.00223857 -0.00251376 -0.00284802 -0.00326266 -0.00379062 -0.00448572 -0.00544227 -0.00684192 -0.00908537 -0.013265 -0.0237894 -0.100616 0.0476803 0.0196988 0.0125794 0.00932653 0.00746304 0.00625542 0.00540922 0.00478331 0.00430158 0.00391936 0.00360869 0.00335122 0.00313434 0.00294916 0.00278921 0.00264966 0.00252684 0.00241791 0.00232064 0.00223326 0.00215432 0.00208267 0.00201733 0.00195751 0.00190254 0.00185185 0.00180496 0.00176146 0.00172099 0.00168324 0.00164796 0.00161491 0.00158387 0.00155468 0.00152718 0.00150121 0.00147666 0.00145342 0.00143137 0.00141044 0.00139053 0.00137158 0.00135352 0.00133629 0.00131983 0.00130408 0.00128902 0.00127458 0 0 0 0 0 0 0 0 0
92  -0.000160768 -0.000179381 -0.000198928 -0.000219481 -0.00024112 -0.000263933 -0.000288018 -0.000313485 -0.000340457 -0.000369071 -0.00039948 -0.000431861 -0.000466411 -0.000503355 -0.000542952 -0.000585497 -0.000631333 -0.000680857 -0.000734533 -0.000792905 -0.000856619 -0.000926441 -0.0010033 -0.0010883 -0.00118283 -0.00128857 -0.00140765 -0.00154276 -0.00169736 -0.00187602 -0.00208481 -0.00233206 -0.00262948 -0.00299405 -0.00345141 -0.00404217 -0.00483464 -0.00595339 -0.00765219 -0.01054 -0.0165372 -0.0365219 0.223977 0.0284611 0.015457 0.0107291 0.00828388 0.00678963 0.00578191 0.00505637 0.00450903 0.00408144 0.00373815 0.00345649 0.00322122 0.00302175 0.00285049 0.00270185 0.00257163 0.0024566 0.00235425 0.00226259 0.00218003 0.00210529 0.00203729 0.00197517 0.0019182 0.00186576 0.00181733 0.00177247 0.0017308 0.00169199 0.00165575 0.00162184 0.00159004 0.00156016 0.00153203 0.0015055 0.00148044 0.00145672 0.00143426 0.00141293 0.00139268 0.0013734 0.00135504 0.00133754 0.00132082 0.00130485 0.00128957 0.00127493 0.00126091 0.00124745 0 0 0 0 0 0 0 0
93  -0.000162881 -0.00018173 -0.000201536 -0.000222373 -0.000244324 -0.000267481 -0.000291946 -0.000317833 -0.000345269 -0.000374399 -0.000405384 -0.000438407 -0.000473676 -0.000511428 -0.000551935 -0.000595509 -0.000642514 -0.00069337 -0.000748572 -0.000808701 -0.000874447 -0.000946637 -0.00102627 -0.00111455 -0.00121297 -0.00132339 -0.00144815 -0.00159022 -0.00175349 -0.00194307 -0.00216589 -0.00243153 -0.00275365 -0.0031524 -0.0036588 -0.00432328 -0.00523351 -0.0065568 -0.00865679 -0.0125014 -0.0218093 -0.0768096 0.0538192 0.0204015 0.0127633 0.00937727 0.00746581 0.00623793 0.00538255 0.00475249 0.00426908 0.00388646 0.00357608 0.00331925 0.00310321 0.00291896 0.00275996 0.00262136 0.00249946 0.00239142 0.002295 0.00220842 0.00213026 0.00205933 0.00199468 0.00193551 0.00188116 0.00183105 0.00178471 0.00174173 0.00170175 0.00166448 0.00162965 0.00159702 0.00156639 0.00153758 0.00151044 0.00148483 0.00146061 0.00143769 0.00141595 0.00139531 0.00137569 0.00135701 0.0013392 0.00132222 0.001306 0.00129048 0.00127564 0.00126141 0.00124778 0.00123469 0.00122212 0 0 0 0 0 0 0
94  -0.000164994 -0.000184081 -0.000204146 -0.000225269 -0.000247535 -0.000271039 -0.000295887 -0.000322199 -0.000350106 -0.00037976 -0.000411329 -0.000445004 -0.000481005 -0.00051958 -0.000561017 -0.000605644 -0.000653847 -0.000706072 -0.000762845 -0.000824787 -0.000892638 -0.000967284 -0.0010498 -0.00114151 -0.00124402 -0.00135937 -0.00149014 -0.00163964 -0.00181219 -0.00201358 -0.00225169 -0.00253759 -0.00288726 -0.0033247 -0.00388772 -0.00463946 -0.0056939 -0.00727995 -0.00993516 -0.0152902 -0.0317220 0.0308474 0.0159688 0.010901 0.00834635 0.00680683 0.00577767 0.00504117 0.00448804 0.00405738 0.00371257 0.00343026 0.00319487 0.00299561 0.00282474 0.00267661 0.00254695 0.00243252 0.00233078 0.00223973 0.00215777 0.0020836 0.00201617 0.00195459 0.00189814 0.00184619 0.00179824 0.00175383 0.0017126 0.0016742 0.00163836 0.00160483 0.0015734 0.00154386 0.00151606 0.00148985 0.0014651 0.00144168 0.00141949 0.00139844 0.00137844 0.00135942 0.0013413 0.00132402 0.00130753 0.00129177 0.0012767 0.00126226 0.00124843 0.00123516 0.00122242 0.00121018 0.00119842 0 0 0 0 0 0
95  -0.000167107 -0.000186432 -0.00020676 -0.000228171 -0.000250754 -0.000274608 -0.000299844 -0.000326584 -0.000354968 -0.000385153 -0.000417314 -0.000451653 -0.000488399 -0.000527814 -0.0005702 -0.000615905 -0.000665336 -0.000718967 -0.000777358 -0.000841172 -0.000911201 -0.000988399 -0.00107393 -0.00116921 -0.00127602 -0.00139657 -0.00153372 -0.00169113 -0.00187365 -0.00208782 -0.00234264 -0.00265091 -0.00303141 -0.00351289 -0.00414172 -0.00499774 -0.00623121 -0.00816242 -0.0116168 -0.0195702 -0.0572176 0.0672974 0.0217468 0.0131644 0.00953669 0.00753419 0.00626463 0.00538786 0.00474602 0.00425583 0.00386923 0.00355652 0.00329836 0.00308163 0.00289709 0.00273806 0.0025996 0.00247797 0.00237026 0.00227422 0.00218804 0.00211029 0.00203979 0.00197556 0.0019168 0.00186285 0.00181314 0.00176718 0.00172457 0.00168495 0.00164803 0.00161352 0.00158121 0.00155089 0.00152239 0.00149553 0.00147019 0.00144625 0.00142358 0.00140208 0.00138168 0.00136229 0.00134383 0.00132624 0.00130946 0.00129343 0.00127811 0.00126345 0.00124941 0.00123595 0.00122303 0.00121062 0.0011987 0.00118723 0.00117619 0 0 0 0 0
96  -0.00016922 -0.000188785 -0.000209376 -0.000231077 -0.00025398 -0.000278188 -0.000303814 -0.000330989 -0.000359856 -0.000390578 -0.000423341 -0.000458354 -0.000495859 -0.00053613 -0.000579485 -0.000626293 -0.000676983 -0.00073206 -0.000792117 -0.000857864 -0.000930149 -0.00101 -0.00109866 -0.00119769 -0.00130901 -0.00143505 -0.00157897 -0.00174483 -0.00193807 -0.00216609 -0.0024392 -0.00277225 -0.0031874 -0.00371927 -0.00442514 -0.0054071 -0.00686649 -0.00926337 -0.0139285 -0.0269732 -0.270012 0.0352202 0.0168672 0.0112303 0.00849415 0.00687786 0.00581071 0.00505348 0.00448829 0.00405029 0.0037009 0.0034157 0.00317848 0.00297808 0.00280655 0.00265806 0.00252826 0.00241383 0.0023122 0.00222134 0.00213961 0.0020657 0.00199855 0.00193727 0.00188112 0.00182948 0.00178184 0.00173773 0.00169679 0.00165868 0.00162313 0.00158987 0.0015587 0.00152943 0.00150189 0.00147592 0.0014514 0.00142821 0.00140625 0.00138541 0.00136562 0.0013468 0.00132887 0.00131179 0.00129548 0.00127989 0.00126499 0.00125072 0.00123705 0.00122394 0.00121135 0.00119926 0.00118763 0.00117645 0.00116568 0.0011553 0 0 0 0
97  -0.000171333 -0.000191139 -0.000211996 -0.000233989 -0.000257214 -0.000281778 -0.0003078 -0.000335413 -0.000364768 -0.000396036 -0.000429409 -0.000465109 -0.000503385 -0.000544529 -0.000588875 -0.000636811 -0.000688793 -0.000745354 -0.000807129 -0.000874872 -0.000949493 -0.00103209 -0.00112403 -0.00122698 -0.00134304 -0.00147489 -0.00162598 -0.00180088 -0.00200567 -0.00224874 -0.00254193 -0.00290251 -0.00335676 -0.00394661 -0.00474342 -0.00587932 -0.00762922 -0.0106754 -0.0173056 -0.0428818 0.101991 0.0240004 0.0138247 0.00981586 0.00767156 0.00633642 0.00542512 0.00476349 0.00426129 0.00386708 0.00354942 0.00328798 0.00306906 0.00288305 0.00272306 0.00258398 0.00246197 0.00235406 0.00225794 0.00217179 0.00209412 0.00202375 0.00195969 0.00190112 0.00184738 0.00179788 0.00175215 0.00170977 0.00167039 0.00163369 0.00159941 0.00156733 0.00153723 0.00150894 0.0014823 0.00145717 0.00143342 0.00141095 0.00138965 0.00136943 0.00135022 0.00133194 0.00131452 0.0012979 0.00128204 0.00126688 0.00125237 0.00123847 0.00122516 0.00121238 0.00120011 0.00118831 0.00117697 0.00116606 0.00115554 0.00114541 0.00113563 0 0 0
98  -0.000173446 -0.000193494 -0.000214618 -0.000236905 -0.000260455 -0.000285379 -0.0003118 -0.000339857 -0.000369707 -0.000401527 -0.00043552 -0.000471916 -0.000510979 -0.000553013 -0.00059837 -0.000647462 -0.000700768 -0.000758856 -0.0008224 -0.000892206 -0.000969247 -0.00105471 -0.00115006 -0.00125711 -0.00137816 -0.00151614 -0.00167488 -0.00185944 -0.00207669 -0.00233614 -0.00265142 -0.00304271 -0.00354129 -0.00419827 -0.00510342 -0.00643007 -0.00856203 -0.0125521 -0.0227053 -0.101742 0.0433736 0.0182861 0.0117462 0.00873641 0.00700596 0.00588213 0.00509352 0.0045096 0.00405983 0.00370275 0.00341238 0.00317163 0.00296877 0.00279552 0.00264583 0.0025152 0.00240021 0.00229821 0.00220712 0.00212527 0.00205133 0.0019842 0.00192299 0.00186693 0.00181542 0.00176792 0.00172397 0.00168319 0.00164526 0.00160988 0.00157681 0.00154582 0.00151672 0.00148935 0.00146356 0.00143922 0.0014162 0.0013944 0.00137373 0.0013541 0.00133543 0.00131766 0.00130072 0.00128456 0.00126912 0.00125435 0.00124022 0.00122668 0.0012137 0.00120124 0.00118927 0.00117776 0.00116669 0.00115603 0.00114576 0.00113586 0.00112631 0.00111709 0 0
99  -0.000175559 -0.000195851 -0.000217243 -0.000239826 -0.000263704 -0.00028899 -0.000315814 -0.00034432 -0.000374671 -0.000407052 -0.000441674 -0.000478778 -0.000518641 -0.000561583 -0.000607974 -0.000658248 -0.000712912 -0.000772569 -0.000837936 -0.000909873 -0.000989423 -0.00107786 -0.00117677 -0.00128812 -0.00141442 -0.00155889 -0.00172577 -0.00192069 -0.0021514 -0.00242871 -0.00276836 -0.00319402 -0.0037431 -0.00447838 -0.00551389 -0.00708073 -0.00972894 -0.0151679 -0.0327218 0.293505 0.0277348 0.0148234 0.0102362 0.00788554 0.00645632 0.00549553 0.0048053 0.00428546 0.00387984 0.00355452 0.00328781 0.00306517 0.00287652 0.00271463 0.00257417 0.00245116 0.00234254 0.00224592 0.00215941 0.00208151 0.00201099 0.00194686 0.00188827 0.00183455 0.00178511 0.00173946 0.00169717 0.0016579 0.00162132 0.00158717 0.00155522 0.00152526 0.00149711 0.00147062 0.00144563 0.00142202 0.00139969 0.00137853 0.00135845 0.00133938 0.00132123 0.00130394 0.00128746 0.00127172 0.00125668 0.0012423 0.00122852 0.00121532 0.00120266 0.0011905 0.00117881 0.00116758 0.00115677 0.00114636 0.00113632 0.00112664 0.00111731 0.00110829 0.00109958 0
